1558,44.73,33.67
1558,43.53,31.83
1558,48,31.17
1558,44.77,33.43
1558,44,33.43
1558,43.97,33.57
1558,44.4,32.8
1558,41.9,33.3
1558,40.67,32.1
1558,44.47,34.17
1558,46.83,35.83
1558,45.03,34.8
1558,44.1,33.3
1558,49.17,37.67
1558,45.9,34.03
1558,51.33,35.33
1558,43.33,33.67
1558,51.7,34.6
1558,52.1,35.13
1558,48.93,35.97
1558,43.57,34.37
1558,43.3,33.67
1558,50.6,36.7
1558,49.47,37.4
1558,45.43,34.67
1558,44.97,35.1
1558,50.53,36.63
1558,49.87,36.57
1558,51.27,37.33
1558,51.9,38.87
1558,50.6,38.2
1558,55.53,37.5
1558,50.03,37.63
1558,54.2,37.47
1558,51.87,39.03
1558,47.4,37.7
1558,50.33,35.5
1558,48.6,37.07
1558,49.63,34.23
1558,53.13,38.33
1558,52.63,37.43
1558,63.57,42.4
1558,69.47,46.97
1558,74.5,46.87
1558,68.33,44.83
1558,67.47,45.77
1558,60.67,40.3
1558,43.17,28.97
1558,46.33,32.47
1558,74.23,45.93
1558,67.33,43
1558,72.87,43.43
1558,65.4,40.63
1558,71.47,43.2
1558,62,42.17
1558,67.3,41.13
1558,61.9,38.8
1558,65.53,39.5
1558,55.93,35.9
1558,55.43,36.03
1558,53.83,33.87
1558,47.67,33.7
1558,46.83,31.47
1558,51.97,33.87
1558,48.87,31.27
1558,50.07,33.93
1558,53.07,34.47
1558,52.73,34.13
1558,48.7,33.13
1558,58.87,35.97
1558,51.2,34.27
1558,49.03,33.77
1558,51.33,35.93
1558,57.93,34.93
1558,55.3,37.5
1558,39.53,29.8
1558,50.93,36
1558,51.1,36.33
1558,53.43,39.13
1558,55.87,37.27
1558,91.07,61.1
1558,57,35.53
1558,56.97,35.7
1558,48.9,33.97
1558,54.87,35.17
1558,50.57,34.57
1558,57.63,36.67
1558,51.7,34.87
1558,50.97,33.3
1558,51.47,35.1
1558,55.17,36.77
1558,61.2,40.4
1558,60.33,39.47
1558,58.33,38.9
1558,61.77,42.3
1558,59.97,41.83
1558,54,36.57
1558,40.83,26
1558,25.87,18.63
1558,22,15.4
1558,26.17,16.93
1558,24.2,16.83
1558,22.87,15.9
1558,23.07,16.77
1558,26,16.43
1558,25.4,15.83
1558,25.4,15.73
1558,21,14.87
1558,25.37,17.23
1558,27.2,17.03
1558,28.5,16.3
1558,23.73,16.63
1558,22.07,15.97
1558,26.3,17.6
1558,25.73,17.2
1558,26.8,17.87
1558,25.07,18.2
1558,26.1,17.27
1558,23.5,18.13
1558,22.67,17.17
1558,27.8,18.7
1558,26.83,17.17
1558,22.5,16.83
1558,23.13,17.27
1558,19.13,16.9
1558,21.83,17.13
1558,20.7,16.63
1558,23.6,19
1558,26.3,19.73
1558,24.97,18.43
1558,22.3,18.8
1558,24.73,19.73
1558,24.8,19.57
1558,30.3,19.47
1558,21.9,19.23
1558,25.77,18.73
1558,21.63,19.4
1558,27.23,19.37
1558,23.4,19.77
1558,28.43,19.73
1558,23.03,19.73
1558,27,19.8
1558,23.17,19.9
1558,34.73,21.13
1558,23.33,19.97
1558,27.3,22.23
1558,23.93,21.2
1558,24.03,21.6
1558,37.57,24.5
1558,36.37,24.53
1558,29.27,24.47
1558,39.13,23.07
1558,29.63,24.5
1558,42.47,26.13
1558,27.97,23.43
1558,26.03,22.83
1558,34.07,23.5
1558,27.67,23.1
1558,30.33,25.2
1558,31.1,23.93
1558,25.5,22.67
1558,27.63,23.73
1558,34.33,26.2
1558,35.93,25.27
1558,32.73,23.87
1558,28.57,23.73
1558,28.27,24.9
1558,27.57,24.53
1558,28.53,25.47
1558,28.8,25.33
1558,34.37,26.67
1558,33.07,25.4
1558,30.97,27.63
1558,45.57,33.9
1558,48.73,28.77
1558,32.97,28.6
1558,34.7,26.7
1558,41.87,33.37
1558,38.07,31.13
1558,38.57,28
1558,34.1,29.4
1558,31.73,27.5
1558,36.13,30.1
1558,34.1,28.53
1558,38.3,30.5
1558,34.83,27.9
1558,35.57,28.43
1558,34.03,28.57
1558,31.33,27.2
1558,34.95,29.37
1558,42.13,28.9
1558,33.08,28.67
1558,32.65,27.42
1558,33.15,28.38
1558,38.33,28.35
1558,33.38,26.55
1558,36.03,28.5
1558,31.37,27.1
1558,29.15,25.92
1558,30.1,26.87
1558,31.4,28
1558,30.92,27.62
1558,31.1,27.8
1558,31.7,28.4
1558,29.85,26.8
1558,30.52,27.35
1558,28.38,25.72
1558,29.82,26.68
1558,30.02,26.45
1558,30.75,26.27
1558,32.48,26.8
1558,26.48,23.3
1558,26.33,23.12
1558,23.67,21.2
1558,25.52,21.95
1558,25.12,22.58
1558,25.48,22.9
1558,23.9,21
1558,21.37,19.17
1558,21.52,19.55
1558,22.5,20.17
1558,22.42,20.32
1558,21.52,19.12
1558,20.9,18.9
1558,22.37,18.95
1558,20.8,18.17
1558,22.22,20.02
1558,25.4,19.23
1558,20.45,18.27
1558,20.45,18.48
1558,23.05,18.05
1558,20.57,16.87
1558,18.77,16.82
1558,19.2,16.9
1558,19.02,16.97
1558,18.32,16.5
1558,17.4,15.8
1558,15.78,13.98
1558,13.1,11.83
1558,12.1,10.85
1558,12.58,11.28
1558,12.23,11.2
1558,15.85,11.55
1558,13.43,11.2
1558,14.15,12.75
1558,13.43,12.13
1558,12.53,11.45
1558,12.43,11.43
1558,12.73,11.53
1558,12.4,10.82
1558,13.28,11.43
1558,11.68,10.55
1558,12.35,11.08
1558,13.08,11.38
1558,13.65,12.25
1558,14.43,12.5
1558,12.3,11.03
1558,15.45,11.93
1558,12.98,11.68
1558,11.85,10.72
1558,13.93,12.5
1558,16.05,14
1558,12.13,10.98
1558,13.08,11.8
1558,11.3,10.2
1558,10.32,9.48
1558,11,10.03
1558,11.2,10.1
1558,10.9,9.98
1558,11.08,10
1558,10.98,9.9
1558,10.95,9.78
1558,12.47,10.28
1558,14.18,12.75
1558,11.55,10.45
1558,11.55,10.13
1558,11.38,10.38
1558,13.4,10.9
1558,11.9,10.48
1558,11.5,10.4
1558,10.93,9.78
1558,12.43,11.12
1558,12.6,11.3
1558,12.3,10.95
1558,15.65,13.85
1558,12.55,11.2
1558,13.68,12.33
1558,14.58,13.28
1558,14.55,11.93
1558,12.2,11.12
1558,12.58,11.38
1558,15.28,13.6
1558,11.83,10.82
1558,11.63,10.53
1558,12.47,11.1
1558,11.03,9.93
1558,12.58,11.43
1558,11.85,10.7
1558,13.03,11.45
1558,11.5,10.4
1558,12.1,10.95
1558,11.73,10.63
1558,12.03,11.03
1558,12,10.95
1558,12.25,11.3
1558,11.6,10.48
1558,11.78,10.68
1558,12.43,11.28
1558,12.5,11.4
1558,12.55,11.35
1558,11.65,10.48
1558,11.57,10.4
1558,11.8,10.3
1558,10.93,9.9
1558,10.8,9.4
1558,10.98,9.98
1558,10.98,9.88
1558,11.6,10.07
1558,14.47,10.83
1558,11.83,10.63
1558,11.8,10.6
1558,10.67,9.5
1558,10.03,9.13
1558,10.6,9
1558,8.97,8
1558,9.4,8.43
1558,12.57,9.9
1558,11.43,8.6
1558,12.6,10.8
1558,10.97,9.3
1558,11.17,8.9
1558,9.67,8.67
1558,10.23,8.9
1558,10.47,9.13
1558,11.4,9.87
1558,11.07,9.8
1558,13.03,9.5
1558,11.6,9.3
1558,9.97,8.97
1558,10.67,8.93
1558,9.4,8.43
1558,10.07,9.07
1558,9.43,8.57
1558,10.8,9.2
1558,12.23,10.9
1558,17.03,12.03
1558,10.7,9.4
1558,15.2,9.5
1558,13.03,9.7
1558,11.03,9.53
1558,12.2,8.87
1558,11.43,10.33
1558,11.77,10.2
1558,13.3,10.2
1558,13.17,10.53
1558,11.97,10.77
1558,12.2,10.63
1558,20.17,11.17
1558,14.13,10.93
1558,15.33,11.77
1558,12.47,10.97
1558,11.4,10.17
1558,14.97,11.37
1558,12.37,10.9
1558,17.7,10.97
1558,15,10.73
1558,12.63,11.13
1558,13.43,10.9
1558,12.5,11
1558,19.03,17.13
1558,16.47,12.6
1558,14.77,13.27
1558,16.77,14.7
1558,18.33,14.8
1558,14.6,12.63
1558,14.13,11.8
1558,14.67,11.5
1558,16.47,13.17
1558,12.07,10.87
1558,16.27,13.13
1558,13.67,11.3
1558,15.63,12.97
1558,16.83,11.93
1558,14.07,12.3
1558,11.87,10.73
1558,13.57,12.13
1558,17.9,11.5
1558,15.4,13.13
1558,13.33,11.8
1558,15,11.37
1558,13.63,12.1
1558,15.8,13.83
1558,16.23,13.33
1558,14.17,12.03
1558,15.53,11.77
1558,15.73,12.6
1558,22.13,13.07
1558,15.37,11.83
1558,14.17,11.47
1558,19.27,15.4
1558,19.77,14.1
1558,13.5,11.7
1558,16.23,12.4
1558,13.67,12
1558,15.37,10.63
1558,11.13,10
1558,13.7,10.37
1558,16.03,12
1558,20.47,12.37
1558,14.37,11.23
1558,12.8,10.93
1558,14.87,10.57
1558,16,11.33
1558,11.37,10.17
1558,13.7,10.17
1558,12.17,10.97
1558,14.83,10.4
1558,17.27,11.07
1558,12.9,10.4
1558,17.5,13.5
1558,16.1,12.43
1558,17.27,12.13
1558,17.23,12.97
1558,21.87,14.37
1558,17.2,14.2
1558,17.6,13.9
1558,24.53,16.07
1558,22.63,15.73
1558,21.37,15.57
1558,38.53,29
1558,147.93,99.27
1558,21.53,17.2
1558,25.17,18.07
1558,22.47,16.53
1558,25.67,17.33
1558,33.9,17.9
1558,26.63,19.27
1558,31.9,21.23
1558,26.3,18.87
1558,29.93,19.43
1558,23.7,18.3
1558,20.17,17.57
1558,17.2,15.37
1558,20.03,15.23
1558,15.2,12.43
1558,22.3,14.93
1558,23.47,15.57
1558,19.83,14.7
1558,19.83,15.53
1558,21.4,16.27
1558,23.53,18.1
1558,26.67,18.67
1558,23.4,18.4
1558,33.97,23.2
1558,26.87,20.13
1558,30.97,23.17
1558,32,24.3
1558,38.5,26.5
1558,41.27,28.3
1558,39.37,26.77
1558,40.4,28.43
1558,41.97,29.1
1558,46.83,32.9
1558,38.13,27.77
1558,27.5,21.5
1558,29.33,22.47
1558,31.07,23.13
1558,34.07,23.1
1558,25.9,20.17
1558,26.77,20.47
1558,27.43,20.27
1558,22.9,16.67
1558,20.1,17.5
1558,24.23,19.83
1558,25.7,18.47
1558,25.07,18.1
1558,27.67,19.7
1558,34.9,22.7
1558,30.3,22.43
1558,29.5,22.1
1558,29.9,21.7
1558,25.8,20.13
1558,27.27,18.23
1558,20.2,16.43
1558,23.5,17.33
1558,22.6,17.33
1558,18.93,14.9
1558,25.03,17.73
1558,21.9,17.3
1558,20.07,16.97
1558,22.77,17.63
1558,20.3,16.9
1558,21.63,16.6
1558,20.07,16.43
1558,19.67,14.6
1558,20.43,15.9
1558,20.07,15.83
1558,20.83,15.33
1558,22.1,15.9
1558,16.4,14.53
1558,23.33,16.67
1558,20.4,16.97
1558,22.73,16
1558,21.2,14.93
1558,21.13,15.3
1558,22.77,16.47
1558,24,16.77
1558,18.13,13.6
1558,14.9,11.5
1558,17.4,13.93
1558,15.77,12.3
1558,11.2,9.4
1558,13.5,9.67
1558,14.63,12.8
1558,24.27,15.5
1558,21,15.77
1558,22.4,15.6
1558,23.93,16.07
1558,29.53,18.77
1558,34.1,19.6
1558,40.77,22.17
1558,33.1,22.73
1558,34.33,22.47
1558,36.23,22.97
1558,29.3,20.5
1558,26.67,19.47
1558,30.9,20.73
1558,29.9,20.17
1558,27.37,17.9
1558,23.33,17.3
1558,25.27,17.97
1558,23.43,17.17
1558,21.37,16.27
1558,25.13,17.2
1558,22.67,17.7
1558,25,17.9
1558,25.03,18
1558,30.07,19
1558,25.13,18.73
1558,23.97,17.8
1558,25.9,18.37
1558,22.7,17.07
1558,18.97,15.13
1558,19.5,14.57
1558,19.6,15.13
1558,17.8,13.77
1558,18.4,14.1
1558,18.67,14.3
1558,19.9,14.9
1558,17.87,13.73
1558,23.73,17
1558,34.13,22.9
1558,26.93,17.93
1558,29.27,21.5
1558,32.1,19.73
1558,29.07,17.23
1558,27.3,16.8
1558,26.2,18.3
1558,27.9,17.9
1558,29.73,19.37
1558,26.97,18.7
1558,30.1,19.27
1558,31,20.03
1558,27.93,18.73
1558,27.6,18
1558,26.97,17.07
1558,18.57,13.03
1558,16.63,12.9
1558,16.17,12.47
1558,19.7,12.9
1558,21.8,14.4
1558,20.87,15.77
1558,22.63,16.3
1558,20.7,16.23
1558,22.97,16.63
1558,20.57,16.73
1558,22.47,16.27
1558,24.6,18.03
1558,33.1,18.77
1558,29.27,19.47
1558,32.5,22.53
1558,32.57,22.17
1558,33.3,22.73
1558,33.07,21.8
1558,30.97,20.6
1558,31.83,22.03
1558,30.27,21.57
1558,24.93,17
1558,27.97,20.17
1558,28.13,19.5
1558,38.2,29.3
1558,36.23,29.17
1558,35.03,25.87
1558,34.47,24.23
1558,33.83,24.43
1558,39.37,26.6
1558,33.07,24.53
1558,37.17,27.63
1558,42.9,27.8
1558,36.97,27.27
1558,40.1,28.67
1558,41.4,27.07
1558,33.67,24.8
1558,33.93,24.7
1558,37.23,27.53
1558,36.43,25.73
1558,39.23,26.33
1558,36.97,24.93
1558,28.5,20.6
1558,26.4,20.6
1558,31.87,22.67
1558,32.5,22.87
1558,33.83,23
1558,33.57,23.37
1558,28.57,21.27
1558,29.3,22.53
1558,31,22.47
1558,29,21.93
1558,32.43,25.03
1558,28.63,22.47
1558,27.37,20.5
1558,31.47,22.43
1558,30.93,22.57
1558,27.97,20.87
1558,29.07,20.7
1558,30.33,20.97
1558,28.5,18.87
1558,25.7,19
1558,27.87,18.93
1558,26.87,18.97
1558,25.67,19.03
1558,29.13,20.03
1558,29.27,20.77
1558,27.7,21.6
1558,29.93,20.97
1558,27.33,20.4
1558,28.7,19.73
1558,30.17,20.4
1558,27.47,20.07
1558,30.4,21.97
1558,33.83,21.9
1558,31.87,21.53
1558,31.4,20.63
1558,30.07,20.03
1558,27.7,19.03
1558,26.6,18.03
1558,24.47,18.97
1558,29.2,19.57
1558,26.53,19.77
1558,29.3,20.03
1558,27.63,21.03
1558,27.4,20
1558,25.33,19.9
1558,30.47,21.43
1558,30.33,21.4
1558,28.4,21.8
1558,29.93,22.87
1558,35.37,24.13
1558,34.77,23.4
1558,32.43,23.3
1558,34.53,23.9
1558,32.2,23.6
1558,40.4,24.6
1558,43.23,25.17
1558,45.83,26.63
1558,41.9,29.27
1558,38.83,27.67
1558,40.63,28
1558,41.07,28.87
1558,39.77,29.43
1558,43.33,29.03
1558,41.97,28.47
1558,40.6,26.43
1558,42.3,27.67
1558,43.27,28.53
1558,42.8,27.27
1558,39.27,27.93
1558,44.87,28.9
1558,37.17,25.6
1558,41.47,26.8
1558,41.67,29.13
1558,46,29.8
1558,44.3,28.3
1558,50.43,29.63
1558,43.3,29.27
1558,46.57,27.93
1558,52.17,30.47
1558,53.83,30.6
1558,48.3,30.2
1558,44.8,29.93
1558,44.07,28.57
1558,42.1,28
1558,36.13,26
1558,42.13,27.23
1558,42.47,29.53
1558,43.43,28.57
1558,49.17,29.1
1558,40.33,26.57
1558,38.53,26.23
1558,34.03,24.2
1558,43.73,28.07
1558,39.17,26.47
1558,41.77,26.8
1558,36.1,24.17
1558,40.23,26.77
1558,41.8,27.2
1558,34.53,24.8
1558,37.13,25
1558,39.07,25.6
1558,38.63,26
1558,45.77,26.73
1558,34.7,25.8
1558,39.1,25.8
1558,40.5,25.7
1558,44.2,27
1558,34.93,26.8
1558,42.67,28.5
1558,46.87,29.3
1558,40.8,29.8
1558,40.97,29.63
1558,35.03,28.03
1558,35.83,29.73
1558,41.37,29.53
1558,39.77,29.13
1558,37.83,30.57
1558,42.97,31.07
1558,40.87,30.33
1558,35.53,28.03
1558,33.1,27.8
1558,36.53,26.73
1558,32.83,29.37
1558,39.33,27.7
1558,31.1,25.9
1558,29.87,24.63
1558,29.6,24.8
1558,26.23,22.8
1558,29.23,22.93
1558,26.6,20.4
1558,23.83,21.33
1558,26.43,21.1
1558,25.5,19.47
1558,25.57,19.9
1558,20.6,18.4
1558,20.33,18
1558,20.2,17.47
1558,18.57,16.3
1558,19.8,16.63
1558,18.87,16.23
1558,23.3,15.8
1558,21.2,16.13
1558,19,16.27
1558,21.73,18.4
1558,21.4,16.1
1558,16.87,15.07
1558,14.87,13.47
1558,15.57,13.73
1558,16.63,14.63
1558,13.97,12.53
1558,21.47,13.43
1558,11.7,10.6
1558,13.67,11.23
1558,14.9,11.4
1558,14.83,11.9
1558,12.6,11.3
1558,12.87,11.4
1558,16.03,11.93
1558,12.63,11.2
1558,12.23,11.03
1558,13,11.8
1558,12.27,11.07
1558,14.73,12.17
1558,14.67,11.67
1558,16.37,12.1
1558,16.17,11.57
1558,11.6,10.6
1558,14.03,11
1558,14.33,10.43
1558,13.1,10.97
1558,12.77,11.17
1558,12.4,11.13
1558,13.53,12.03
1558,14.53,10.43
1558,11.37,10.27
1558,11.47,10.27
1558,12.87,10.33
1558,11.17,10.1
1558,14.13,11.8
1558,12.97,10.53
1558,12.57,10.4
1558,15.93,11.1
1558,12.1,10.77
1558,11.7,10.47
1558,13.7,10.1
1558,13.23,10.83
1558,11.57,10.4
1558,11.15,10.08
1558,12.7,10.55
1558,12.77,9.9
1558,12.1,10.93
1558,13.4,9.85
1558,10.93,9.77
1558,13.43,10.3
1558,12.23,10.77
1558,13,9.97
1558,12.73,10.4
1558,12.83,10.83
1558,10.8,9.8
1558,11.2,9.97
1558,11.43,10.27
1558,10.82,9.63
1558,13.9,10.63
1558,12.33,9.93
1558,11.38,10
1558,12.78,10.45
1558,11.65,10.53
1558,12.07,10.85
1558,15.43,11.18
1558,12.15,10.85
1558,10.95,9.95
1558,11.85,10.75
1558,12.37,11.18
1558,11.55,10.28
1558,14.4,10.95
1558,12.13,10.93
1558,12.13,10.82
1558,11.7,10.63
1558,15.55,10.43
1558,10.98,9.78
1558,11.8,10.08
1558,14.05,10.68
1558,11.05,9.95
1558,12.07,10.18
1558,11.53,10.4
1558,11.3,10.2
1558,14.6,9.73
1558,11.55,9.68
1558,14.73,10.53
1558,10.93,9.75
1558,10.98,9.88
1558,11.53,10.48
1558,11.15,9.95
1558,11.03,9.93
1558,12,10.68
1558,13.6,10.72
1558,13.35,10.6
1558,11.18,10.08
1558,12,10.8
1558,14.3,10.63
1558,12.4,10
1558,11.53,10.4
1558,12.07,10.87
1558,12.6,9.8
1558,11.77,10.67
1558,11.93,10.83
1558,11.4,9.83
1558,11.3,10
1558,10.57,9.53
1558,11.67,9.87
1558,11.77,10.43
1558,10.43,9.43
1558,11.9,9.2
1558,13.77,8.93
1558,18.2,12.6
1558,13.47,9.47
1558,13.17,9.5
1558,12.43,9.67
1558,11.97,9.9
1558,10.93,9.7
1558,11.83,9.9
1558,10.83,9.73
1558,10.87,9.67
1558,13.07,10.37
1558,12.4,10.03
1558,14.7,10.83
1558,10.93,9.93
1558,11.3,9.9
1558,13.37,11.33
1558,11.17,10.17
1558,13.37,10.27
1558,11.3,10
1558,13.3,10.83
1558,12.5,11.1
1558,15,10.53
1558,13.57,11.1
1558,16.8,11.43
1558,14.53,11.77
1558,22.47,13.37
1558,21.27,13.5
1558,15.73,11.53
1558,12.97,11.1
1558,13.3,11.23
1558,14.43,10.67
1558,15.77,11
1558,12.1,10.73
1558,17.67,11.07
1558,15,10.73
1558,15.37,10.6
1558,13.67,10.27
1558,15.4,9.87
1558,14.97,10.53
1558,15.47,10.2
1558,11.43,9.93
1558,14.5,10.93
1558,13.3,10.83
1558,14.8,10.73
1558,14.73,10.9
1558,11.53,10.2
1558,13,9.87
1558,12,10.03
1558,11.37,9.87
1558,13.7,10.1
1558,10.6,9.5
1558,14.87,9.87
1558,12.93,9.87
1558,12.3,9.93
1558,14.13,10.3
1558,13.17,9.8
1558,13.23,11.07
1558,13.6,9.6
1558,10.57,9.47
1558,12.17,9.3
1558,11.2,10
1558,13.73,9.17
1558,12.6,10.07
1558,10.23,8.9
1558,15.33,9.17
1558,13.27,9.03
1558,15.73,9.5
1558,11.67,9.03
1558,13.2,9.63
1558,11,8.63
1558,12.57,8.4
1558,12.53,8.27
1558,11.2,8.1
1558,11.1,8.73
1558,16.3,9.07
1558,12.77,8.2
1558,11.77,9.1
1558,14.1,8.77
1558,15.1,8.77
1558,9.33,8.3
1558,17.2,9.9
1558,12.7,9.03
1558,11.87,8.67
1558,22.87,13.4
1558,17.13,9.53
1558,10.7,8.2
1558,13.77,8.53
1558,11.6,8.57
1558,12.43,8.2
1558,13.8,8.07
1558,12.03,8.6
1558,11.6,8.4
1558,11.97,9
1558,14.8,9
1558,9.37,8.37
1558,14.43,8.3
1558,8.43,7.5
1558,11.87,8.57
1558,17.83,10.4
1558,13.37,9.97
1558,13.53,10.27
1558,15.83,9.93
1558,12.27,9.2
1558,12.6,10.1
1558,13.67,11.53
1558,13.5,10.2
1558,13.37,10.57
1558,13.73,10.13
1558,13.8,10.6
1558,17.43,10.67
1558,12.97,9.53
1558,11.17,8.9
1558,12.13,8.9
1558,12.53,9.17
1558,14.3,9.67
1558,12.8,9.4
1558,14.33,10.1
1558,13.6,9.47
1558,12.9,9.7
1558,15.37,9.3
1558,16.67,10.2
1558,12,10
1558,14.83,10.47
1558,13.17,10.7
1558,14.17,10.17
1558,15.03,9.77
1558,17.93,12.67
1558,17.07,11.93
1558,23.7,16.13
1558,18.73,12.47
1558,18.7,12.67
1558,17.93,12.7
1558,15.67,13.03
1558,21.57,13.47
1558,17.27,13.2
1558,23.87,13.43
1558,18.37,12.97
1558,16.83,11.87
1558,17.73,11.9
1558,19.57,12.23
1558,20.47,13.17
1558,20.73,15.17
1558,20.63,13.4
1558,22.27,15.77
1558,19.17,13.2
1558,18.03,12.7
1558,18,14.03
1558,24.8,17.3
1558,23.1,16.9
1558,29.57,20.13
1558,21.4,15.3
1558,18.17,12.83
1558,19.97,12.63
1558,17.5,13.53
1558,17.1,12.3
1558,17.57,13.43
1558,16.57,12.5
1558,23.57,13.67
1558,18,13.73
1558,13.67,12
1558,18,12.4
1558,15.8,11.77
1558,17.2,13.1
1558,15.4,12.1
1558,14.47,10.37
1558,12.73,10.97
1558,12.47,10.2
1558,15.1,10.4
1558,12.93,9.87
1558,13.03,10.5
1558,11.73,9.3
1558,14.27,9.83
1558,15.33,10.7
1558,13.87,10.6
1558,16.07,10.9
1558,12.73,9.53
1558,13.9,10.23
1558,13.2,10.6
1558,16.4,10.67
1558,13.2,9.63
1558,13.1,9.07
1558,15.3,10.63
1558,12.57,8.67
1558,13.5,9.63
1558,10.9,8.9
1558,12.03,9.27
1558,10.67,8.4
1558,14.7,9.4
1558,18.37,9.97
1558,12.6,9.2
1558,12.03,8.3
1558,12.27,8.7
1558,10.3,8.3
1558,17.37,10.37
1558,16.83,9.9
1558,14.07,10.63
1558,14.13,10.1
1558,13.9,10.07
1558,14.97,11.23
1558,12.4,9.27
1558,16,9.43
1558,14.2,9.67
1558,13.87,9.63
1558,10.23,8.87
1558,12.57,9.5
1558,11.87,9
1558,14.53,10.07
1558,11.3,9.33
1558,17.57,9.97
1558,15.57,9.53
1558,12.27,9.27
1558,13.57,8.47
1558,9.87,8.87
1558,12.27,8.93
1558,13,8.53
1558,11.67,8.6
1558,10.33,8.07
1558,13.13,8.63
1558,11.47,8.17
1558,10.2,8.9
1558,13.07,8.27
1558,12.1,8.73
1558,11.27,7.87
1558,12.93,7.8
1558,11.13,7.9
1558,11.9,7.5
1558,13.37,7.53
1558,10.33,7.8
1558,8.87,7.03
1558,11.77,7.73
1558,10.83,7.37
1558,10.87,7.83
1558,10.67,7.43
1558,13,7.8
1558,13.57,7.77
1558,14.77,7.7
1558,9.3,7.27
1558,11.8,7.4
1558,10.87,8.17
1558,9.07,6.37
1558,10.83,7
1558,9.77,6.8
1558,9.47,6.33
1558,11.93,5.8
1558,10.17,6.73
1558,9.97,6.33
1558,9.8,6.27
1558,9.8,6.33
1558,9.73,6.23
1558,13.57,6.43
1558,10.97,6.7
1558,11.1,6.43
1558,10.6,6.77
1558,11.2,7.2
1558,11.23,6.87
1558,8.97,6.93
1558,10.87,9.13
1558,15.8,10.23
1558,13.67,10.17
1558,17.17,9.53
1558,11.3,8.07
1558,15.6,9.97
1558,17.57,11.53
1558,18.67,11.83
1558,16.63,11.23
1558,16.63,9.67
1558,11.97,6.93
1558,11.37,7.37
1558,11,6.37
1558,9.93,5.8
1558,6.57,5.13
1558,7.9,5.23
1558,10.97,6.13
1558,12.73,6.47
1558,8.27,5.67
1558,8,5.97
1558,9.23,5.37
1558,8.8,5.77
1558,10.93,7.43
1558,13.93,10.07
1558,19.17,12
1558,22.1,14.07
1558,16.3,8.8
1558,12.43,7.23
1558,10.27,7.4
1558,12.5,7.87
1558,8.93,6.63
1558,12.33,7.83
1558,13.7,8.83
1558,17.97,11.23
1558,17.37,11.43
1558,16.83,12.13
1558,15.97,12.27
1558,15.5,11.67
1558,10.63,8.03
1558,10.7,6.1
1558,11.77,5.8
1558,9.23,6.07
1558,9.27,6.03
1558,10.4,7.13
1558,10.03,7
1558,10.53,7.07
1558,9.23,6.9
1558,12,6.97
1558,9.03,7.33
1558,8.73,6.9
1558,12.07,6.67
1558,8.53,6.2
1558,9.07,5.23
1558,8.5,5.93
1558,9.9,6.07
1558,10.2,6.6
1558,8.87,6.13
1558,7.37,5.57
1558,7.37,5.73
1558,8.53,5.9
1558,7.23,5.53
1558,7.57,4.9
1558,7.73,4.93
1558,6.7,5.13
1558,8.8,5.7
1558,7.17,5.1
1558,5.77,4.73
1558,7.17,5.57
1558,7.53,5.8
1558,8.67,5.57
1558,7.93,5.53
1558,7.97,5.47
1558,7.63,5.3
1558,9.1,5.9
1558,9.63,5.3
1558,8.6,5.5
1558,6.97,5.47
1558,10.67,5.8
1558,7.47,5.23
1558,7.2,5.3
1558,10.23,5.6
1558,7.13,5.6
1558,6.8,5.47
1558,6.63,4.8
1558,8.2,5.6
1558,8.83,5.4
1558,6.4,4.87
1558,10.7,5.8
1558,8.93,5.13
1558,7.87,6.07
1558,10.33,5.07
1558,5.67,4.4
1558,9.43,5.4
1558,8,5.77
1558,7.47,5.53
1558,7,5.7
1558,7.8,5
1558,7.73,5.17
1558,7.43,4.9
1558,8.4,5
1558,6.13,5.07
1558,6.57,5.03
1558,8.5,5.77
1558,7.03,5.87
1558,9.77,5.57
1558,6.13,4.8
1558,7.27,5.2
1558,7.97,5.53
1558,6.1,4.47
1558,7.1,4.8
1558,8.57,5.1
1558,7.53,5.13
1558,8.2,5.67
1558,7.37,5.6
1558,7.47,4.87
1558,7.13,5.27
1558,6.07,5.27
1558,9.2,5.53
1558,8.13,5.77
1558,7.67,5.7
1558,5.73,5.13
1558,7.2,4.97
1558,9.67,5.67
1558,7,5.37
1558,8.3,5.47
1558,6.8,5.8
1558,8.3,5.7
1558,11.37,5.57
1558,8.93,5.67
1558,8.2,5.83
1558,5.7,4.83
1558,7.8,5.6
1558,6.3,5.47
1558,12.9,6.27
1558,12.37,5.8
1558,13.07,6.67
1558,8.87,5.97
1558,10.67,6.13
1558,9.4,6.23
1558,13,7
1558,10.13,7.63
1558,10.57,7.07
1558,12.3,7.43
1558,11.13,7.17
1558,13.63,7.83
1558,9.57,6.33
1558,8.97,6.5
1558,6.4,5.33
1558,11.2,6.53
1558,10.4,6.5
1558,8.5,6.57
1558,10.77,7.17
1558,11.23,6.97
1558,10.93,6.63
1558,8.57,7.1
1558,11.23,6.03
1558,6.97,5.57
1558,10.87,6.23
1558,8.07,6
1558,9.07,6.2
1558,10.6,7.1
1558,11.77,7
1558,10.1,6.37
1558,13.23,6.5
1558,8.97,6.6
1558,8.63,6.87
1558,9.13,6.73
1558,10.37,7.3
1558,10.17,7.63
1558,11.8,7.27
1558,11.27,7.87
1558,7.5,6.73
1558,11.53,7.23
1558,9.47,6.3
1558,11.6,6.57
1558,9.6,6.33
1558,9.53,6.2
1558,10.07,6.1
1558,5.97,4.87
1558,7.83,5.33
1558,8.5,5.73
1558,8.77,5.5
1558,8.07,5.1
1558,9.8,5.43
1558,9.13,5.67
1558,6.2,5.17
1558,8.4,5.13
1558,8.4,5.67
1558,9.3,5.1
1558,7,4.8
1558,8.4,4.97
1558,6.43,4.93
1558,9.2,4.93
1558,7.57,5.33
1558,8.9,5.33
1558,13.23,5.4
1558,9.93,5.4
1558,6.53,5.13
1558,8.27,5.1
1558,8.83,5.33
1558,10.47,5.37
1558,7.3,5.3
1558,11.73,5.63
1558,10.73,5.47
1558,10.33,5.17
1558,7.23,5.1
1558,8.3,5.2
1558,6.93,5.57
1558,11.4,5.5
1558,9,5.7
1558,7.9,5.33
1558,9.8,5.63
1558,8.93,6.23
1558,9.43,6.1
1558,7.9,5.87
1558,8.97,6.1
1558,8.67,6
1558,9.4,6.4
1558,11.03,6.3
1558,7.7,6
1558,10.07,6.07
1558,12.07,6.13
1558,8.6,6.13
1558,8,6.5
1558,13.93,6.83
1558,11.03,6.13
1558,9.5,6.03
1558,10.4,6.9
1558,11.23,6.2
1558,8.07,5.7
1558,10.17,6.4
1558,10.63,6.4
1558,8.13,6.3
1558,7.57,6.6
1558,7.57,6.4
1558,7.9,6.2
1558,8.57,6.63
1558,8.27,6.63
1558,9.17,6.73
1558,6.93,6.33
1558,8.83,6.6
1558,9.63,7.3
1558,9.33,6.57
1558,7.4,6.63
1558,10.73,6.7
1558,7,6.23
1558,7.83,6.5
1558,11.3,6.03
1558,10.53,6.07
1558,11.43,6.8
1558,8.43,6.33
1558,7.17,6.47
1558,7.37,6.23
1558,8.7,6.6
1558,8.9,6.83
1558,10.43,7.03
1558,7.9,7.1
1558,7.47,6.73
1558,9.9,6.43
1558,8.17,6.23
1558,11.57,6.9
1558,10.07,6.9
1558,10.77,7.03
1558,9.87,7.2
1558,11.1,7
1558,11.07,6.97
1558,7.27,6.53
1558,12.37,7.57
1558,8.3,6.9
1558,9.33,6.43
1558,9.33,6.93
1558,10.3,6.93
1558,10.9,6.43
1558,9.3,6.53
1558,10.87,6.9
1558,8,6.77
1558,9.6,6.97
1558,7.67,6.23
1558,12.5,6.87
1558,9.37,6.8
1558,7.43,6.7
1558,9.33,6.63
1558,11.2,6.7
1558,11.87,6.7
1558,10.63,7.23
1558,10.4,7.2
1558,7.97,6.67
1558,7.87,6.93
1558,10.87,7.33
1558,8.6,6.53
1558,9.5,7.03
1558,9.7,6.47
1558,10.03,7.33
1558,8.27,7.4
1558,8.27,7.1
1558,9.87,7.1
1558,11.37,6.9
1558,8.1,7.17
1558,8.07,6.6
1558,7.83,7.03
1558,7.4,6.47
1558,7.97,6.97
1558,8.1,6.93
1558,7.33,6.63
1558,10,6.9
1558,8.73,7.07
1558,8.9,6.7
1558,8.03,7.2
1558,11.17,7.2
1558,9.73,7.1
1558,8,6.63
1558,9.77,7.3
1558,8.9,7.27
1558,10.93,6.97
1558,9.37,7.13
1558,13.67,7.37
1558,9.27,7.7
1558,8.17,6.6
1558,11.67,6.57
1558,9.63,7.03
1558,8.93,6.53
1558,11.37,7.27
1558,8.43,6.77
1558,9.63,7.5
1558,11.97,6.7
1558,9.93,7.3
1558,9.73,7
1558,11.33,7.2
1558,11.37,7.5
1558,10.5,7.1
1558,8.47,6.37
1558,10.1,7.2
1558,7.67,6.4
1558,8.37,7.3
1558,10,7.2
1558,11.9,7.03
1558,8.17,6.63
1558,9,7.23
1558,10.97,6.73
1558,9.3,6.67
1558,10.7,6.67
1558,10.07,7.6
1558,10.03,7.83
1558,9.83,7.8
1558,8.37,7.23
1558,11.8,6.87
1558,10.2,7.1
1558,8.8,6.5
1558,9.2,6.37
1558,9.67,7.67
1558,11.27,6.73
1558,7.9,6.9
1558,7.8,6.3
1558,11.83,7.07
1558,7.73,6.57
1558,9.03,6.5
1558,10.17,6.93
1558,11.63,6.9
1558,9.97,7.4
1558,16.23,7.27
1558,10.8,7
1558,8.2,7.37
1558,9.03,7
1558,11.93,7.2
1558,9,6.57
1558,8.37,6.7
1558,9.5,7.37
1558,10.9,7.1
1558,8.3,6.6
1558,9.6,7
1558,11.93,8.03
1558,12.97,8.07
1558,8.7,7.13
1558,9.17,6.5
1558,9.17,6.87
1558,13.83,8.6
1558,11.4,7.03
1558,8.83,7.73
1558,10.8,8.2
1558,12.33,8.13
1558,9.6,7.33
1558,9.03,8.13
1558,10.83,7.93
1558,9.57,8.07
1558,10.23,9.07
1558,9.47,7.07
1558,10.43,8.63
1558,13.47,8.7
1558,10.5,7.77
1558,9.4,8.43
1558,9.93,8.27
1558,10.37,8
1558,10.97,7.93
1558,13.13,8.8
1558,13.13,8.33
1558,11.63,9.17
1558,15.37,9.83
1558,12,9.2
1558,9.57,8.17
1558,11.13,8.83
1558,11.7,8.63
1558,10.73,9.4
1558,11.6,9.37
1558,12.4,9.83
1558,12.83,9.63
1558,13.53,10.6
1558,15.37,10.8
1558,14.33,11.37
1558,13.07,11.03
1558,17.53,10.6
1558,15.37,10.43
1558,14.13,10.73
1558,12.4,10.53
1558,13.57,9.83
1558,15,9.1
1558,15.6,10.67
1558,15.7,10.67
1558,18.87,10.47
1558,14.33,10.6
1558,18.53,10
1558,18.87,10.5
1558,15.7,10.93
1558,16.87,10.63
1558,13.7,10.2
1558,16.7,11.2
1558,16.83,11.27
1558,13,10.97
1558,19.9,11.8
1558,14.77,11.6
1558,18.2,10.97
1558,14.67,11.53
1558,16.5,11.03
1558,22.7,13.73
1558,21.47,13.13
1558,26.27,14.7
1558,20.57,12.27
1558,20.77,14.53
1558,16.6,13
1558,23.27,12.57
1558,23.13,12.93
1558,22.97,13.77
1558,22.47,13.97
1558,18.47,12.8
1558,20.1,10.97
1558,17.63,11.27
1558,14.37,10.47
1558,21.63,12.97
1558,19.6,11.2
1558,24.2,13.83
1558,23.03,13.8
1558,21.37,14.73
1558,25.43,13.3
1558,21.9,14
1558,19.5,14.53
1558,21.93,13.53
1558,21.67,13.17
1558,22.97,13.53
1558,24.87,13.47
1558,18.7,12.1
1558,14.1,9.17
1558,18.13,10.6
1558,17.8,10.97
1558,19,11.1
1558,17.73,10.87
1558,19.43,10.83
1558,20,11.97
1558,21.53,12.67
1558,16.67,11.6
1558,20.6,12.6
1558,14.3,11
1558,15.17,11.37
1558,15.07,10.37
1558,15.87,10.67
1558,22.23,11.03
1558,19.5,12.1
1558,21.63,13.4
1558,20.13,11.13
1558,15.9,10.13
1558,13.67,8.83
1558,16.9,11.5
1558,15.4,10.73
1558,20.87,11.47
1558,15.57,10.87
1558,15.17,10.33
1558,17.47,9.87
1558,16.53,11.07
1558,16.73,11.03
1558,18.6,11.17
1558,20.07,12
1558,18.6,11.77
1558,22.23,13.23
1558,19.53,11.27
1558,24.13,11.73
1558,18.8,11.77
1558,13.63,10.2
1558,20.07,10.5
1558,21.9,12.57
1558,17.27,9.97
1558,19.77,12.83
1558,20.53,12.43
1558,21.07,12.27
1558,27.23,13.47
1558,18.57,12.63
1558,21.67,12.2
1558,23.8,12.37
1558,20.53,11.53
1558,18.1,12.37
1558,20.6,12.03
1558,20.03,11.27
1558,17.47,11.33
1558,20.27,12.03
1558,16.67,10.6
1558,24.2,12.4
1558,25.1,13.73
1558,26,14.43
1558,25.4,15.07
1558,21.13,13.8
1558,25.53,13.53
1558,25.8,14.13
1558,22.43,12.8
1558,18.7,12.2
1558,28.4,16.3
1558,29.37,17.7
1558,24.73,13.6
1558,30.3,17.77
1558,23.63,14.6
1558,27.17,15.07
1558,17.57,10.67
1558,18.77,10.83
1558,18.37,10.67
1558,14.03,8.63
1558,17.47,8.97
1558,15,9.03
1558,14.37,9.53
1558,17.63,9.4
1558,14.93,7.57
1558,12.73,6.53
1558,9.5,7
1558,13.7,7.3
1558,17.03,7.97
1558,12,6.7
1558,9.3,4.5
1558,9.8,5.1
1558,11.83,6.2
1558,10.93,4.1
1558,11.27,5.03
1558,8.43,4.7
1558,6.7,4.63
1558,8.87,4.6
1558,11.1,5
1558,8.5,4.63
1558,7.07,4.2
1558,7.7,4.57
1558,7.57,4.03
1558,5.53,4.2
1558,11.23,4.5
1558,9.43,4.27
1558,9.37,4.23
1558,8.33,4.27
1558,8.77,3.37
1558,11.03,4.7
1558,6.83,3.43
1558,8.8,3.63
1558,11.27,3.5
1558,8.63,4
1558,5.57,3.57
1558,5.9,3.5
1558,6.17,3.23
1558,7.43,3.3
1558,5.5,3.4
1558,5.87,3.73
1558,7.6,3.53
1558,9.07,3.8
1558,8.87,3.73
1558,5.2,3.13
1558,4.63,3.27
1558,10.3,3.63
1558,9.17,3.63
1558,7.63,3.1
1558,6.17,3.23
1558,7.07,3.3
1558,9.8,3.3
1558,4.63,3.27
1558,6.07,3.4
1558,5.1,3.1
1558,4.97,3.1
1558,7.9,3.4
1558,6.43,3.53
1558,5.53,3.8
1558,3.57,2.93
1558,6.83,2.8
1558,4.93,3.03
1558,5.47,2.93
1558,4.07,2.7
1558,7.53,3.1
1558,4.77,2.7
1558,4.07,2.5
1558,3.83,2.93
1558,6.7,3
1558,5.63,2.63
1558,6.43,2.7
1558,4.83,2.9
1558,5.17,2.53
1558,5.87,2.9
1558,7.73,3.1
1558,5.97,2.6
1558,4.03,2.9
1558,2.77,2.37
1558,6.5,3.3
1558,5.57,2.73
1558,6.33,3
1558,5.37,3
1558,5.8,2.97
1558,6.63,3.3
1558,5.67,3.5
1558,8.5,3.53
1558,6.87,3.83
1558,5.7,3.27
1558,7.37,3.97
1558,8.1,4.03
1558,5.4,3.73
1558,6.73,3.43
1558,6.5,3.93
1558,7.87,4
1558,6.47,4
1558,5.9,3.67
1558,6.13,4.2
1558,6.23,3.7
1558,6.6,4.2
1558,9.13,3.9
1558,7.47,4.43
1558,5.43,4.03
1558,7.43,4.2
1558,6.77,4.13
1558,8.2,4.5
1558,9.07,5.4
1558,9.17,4.53
1558,8.17,4.93
1558,8.03,4.73
1558,8.73,4.43
1558,5.97,4.6
1558,5.37,4.23
1558,10.2,5.1
1558,7.93,4.77
1558,6.17,4.2
1558,5.13,4.1
1558,6.93,5.27
1558,5.7,4.5
1558,10.2,4.83
1558,9.8,4.9
1558,7.97,4.9
1558,8.03,4.47
1558,9.3,4.33
1558,8.63,4.6
1558,6.7,4.67
1558,8.5,5.2
1558,5.87,4.97
1558,7.67,4.87
1558,7.77,5.2
1558,7.63,4.2
1558,6.7,4.67
1558,6.87,4.63
1558,9.53,4.73
1558,8.93,4.93
1558,7.33,4.47
1558,9.47,5.4
1558,9.23,4.43
1558,7.67,4.87
1558,6.73,4.9
1558,8.53,5.33
1558,6.63,4.23
1558,6.53,4.8
1558,7.8,5.1
1558,7.73,5.23
1558,7,5.07
1558,7.53,4.53
1558,7.97,5.67
1558,7.83,5.07
1558,7.57,5.63
1558,10.1,5.3
1558,9.07,5
1558,7.13,5.63
1558,7.7,5.57
1558,6.77,5.1
1558,10.3,5.67
1558,10.87,6
1558,8.63,5.53
1558,6.2,5.6
1558,9.83,5.63
1558,8.13,6.03
1558,8.3,5.57
1558,9.6,6.2
1558,10.13,6
1558,8.63,5.5
1558,10.83,6
1558,7.5,5.63
1558,7.27,5.37
1558,8.37,6.27
1558,8.03,5.7
1558,7.8,5.53
1558,8.93,5.73
1558,8.8,5.73
1558,12.77,6.33
1558,10.5,6.23
1558,9.23,6.27
1558,7.8,6.3
1558,8.17,5.87
1558,8.9,6.37
1558,7.4,5.73
1558,9.53,5.7
1558,9.53,5.8
1558,10.1,6.57
1558,8.87,6.33
1558,9.73,6.5
1558,10.07,6.4
1558,10.4,7.43
1558,13.57,7
1558,12,7.5
1558,9.7,7.93
1558,11.03,6.97
1558,10.13,6.77
1558,13.87,7.8
1558,11.33,7.33
1558,13.03,7.17
1558,9.97,7.47
1558,9.53,7.7
1558,12.83,7.23
1558,8.87,6.6
1558,11.23,7.97
1558,12.13,7.4
1558,10.77,7.03
1558,11.8,6.97
1558,10.67,6.57
1558,12.47,7.23
1558,11.3,6.7
1558,15.57,8.03
1558,11.1,6.7
1558,10.5,6.8
1558,11.17,6.2
1558,17.73,7.73
1558,9.4,7.1
1558,14.43,7.17
1558,10.27,6.37
1558,10.57,6.87
1558,9.17,6
1558,7.23,5.8
1558,9.7,6.17
1558,8.1,5.93
1558,12.6,6.2
1558,7.93,6.27
1558,9.13,6.4
1558,10.33,6.8
1558,9.17,6.27
1558,8.97,5.8
1558,9.83,6.23
1558,10.07,7.3
1558,14.77,7.5
1558,18.47,8.53
1558,12.23,7.3
1558,12.67,7.67
1558,10.93,6.4
1558,9.97,6.3
1558,7.27,5.9
1558,12.2,6.27
1558,9.6,6.33
1558,11.47,6.07
1558,10.73,6.83
1558,7.73,6.23
1558,13.03,6.6
1558,11.83,6.73
1558,13,6.2
1558,13.87,6.23
1558,10.33,7.17
1558,12.47,5.6
1558,7.67,5.93
1558,10.03,5.5
1558,9.27,5.37
1558,9.03,6.1
1558,7.37,6
1558,7.5,5.5
1558,12.93,5.67
1558,10.67,5.93
1558,9.97,5.47
1558,8.3,5.8
1558,8.4,6.1
1558,8.13,5.97
1558,7.4,6.23
1558,9.07,6.3
1558,8.7,6.57
1558,10.5,7.57
1558,9.43,6.43
1558,11.43,6.53
1558,9.43,6.23
1558,10.93,6.93
1558,11.1,6.37
1558,11.1,6.83
1558,13.1,6.9
1558,12.07,6.8
1558,10.73,6.57
1558,10.13,7.03
1558,8.23,6.7
1558,9.9,6.57
1558,12.9,7.17
1558,10.9,6.37
1558,10.3,6.7
1558,15,7.77
1558,12.87,6.6
1558,10.67,6.4
1558,9.93,6.8
1558,12.6,7.47
1558,11.83,6.2
1558,9.4,6.8
1558,9.4,7.23
1558,12.97,7
1558,7.97,6.9
1558,15.37,7.13
1558,13.27,6.87
1558,11.9,6.9
1558,11.87,7.37
1558,10.8,7.83
1558,8.6,7.67
1558,10.8,7.4
1558,14.17,8.37
1558,10.87,7.57
1558,10.53,8.3
1558,16.17,8.1
1558,21.47,10.3
1558,11.67,8.43
1558,13.97,8.7
1558,12.2,8.27
1558,10.9,8.8
1558,14.23,9.27
1558,12.87,8.8
1558,11.07,8.1
1558,16.1,9.9
1558,13.47,9.47
1558,13.43,9.5
1558,13.7,9.13
1558,17.3,11.57
1558,14.77,11.57
1558,21.77,12.77
1558,19.73,11.33
1558,17.13,11.23
1558,12,10.07
1558,13.37,10.97
1558,11.53,10.1
1558,16.6,11.87
1558,12.5,10.53
1558,13.73,10.83
1558,14.03,10.83
1558,11.45,10.1
1558,10.7,9.38
1558,15,10.25
1558,11.7,9.68
1558,14.38,10.38
1558,11.33,10.18
1558,10.9,9.68
1558,14.93,10.95
1558,11,9.9
1558,12.98,9.4
1558,11.48,9.65
1558,12.55,9.53
1558,11.88,9.8
1558,10.35,9.28
1558,12.43,8.77
1558,12.27,8.67
1558,10.57,9.47
1558,12.2,8.8
1558,17.03,10.6
1558,11.3,9.13
1558,10.67,8.7
1558,14.03,9.77
1558,12.7,9.67
1558,13.13,9.4
1558,11.3,9.1
1558,12.7,9.4
1558,13.37,9.33
1558,11.8,9.13
1558,11.2,9.13
1558,13.43,9.7
1558,11.63,9.4
1558,11.77,9.23
1558,11.77,9.17
1558,12.23,9.27
1558,12.57,8.83
1558,10.7,8.43
1558,13.83,8.53
1558,13.57,9.27
1558,14.47,8.57
1558,13.2,9.67
1558,15.07,9.13
1558,13.3,8.37
1558,14.4,8.73
1558,12.73,8.97
1558,12.8,8.63
1558,13.2,9.03
1558,10.83,8.1
1558,11.33,8.63
1558,11.13,9.6
1558,9.37,8.33
1558,11.23,9.27
1558,16.1,9.37
1558,12.13,8.53
1558,10.67,8.33
1558,11.1,8.13
1558,10.77,8.17
1558,13.87,8.2
1558,10.9,8.1
1558,12.37,8.47
1558,12.67,7.8
1558,9.8,7.87
1558,9.57,7.97
1558,14.07,8.83
1558,10.57,8.37
1558,11.07,9.03
1558,11.8,8.3
1558,11.83,7.7
1558,11.6,7.83
1558,14.37,8.4
1558,16.13,8.77
1558,12.77,7.6
1558,10.93,7.7
1558,8.4,6.9
1558,8.3,6.97
1558,8.7,7.8
1558,14.47,7.77
1558,10.1,8.53
1558,13.77,8.9
1558,14.47,8.53
1558,16.73,9.3
1558,13.2,8.37
1558,13.63,8.43
1558,13.7,7.77
1558,11.7,7.47
1558,10.6,8.17
1558,12.2,7.93
1558,8.43,7.53
1558,14.2,7.8
1558,8.97,7.3
1558,10.1,7.2
1558,9.43,7.67
1558,10.57,7.13
1558,9.6,7.3
1558,8.37,7.57
1558,15.2,8.03
1558,11.1,7.77
1558,9.3,7.4
1558,10.47,7.53
1558,9.07,7.6
1558,9.9,8.27
1558,9.63,7.97
1558,9.6,7.97
1558,9.83,8.1
1558,9.17,8.3
1558,9.33,8.13
1558,11.67,8.1
1558,8.97,7.07
1558,8.73,7.8
1558,10.73,6.9
1558,10,7.4
1558,12.83,7.87
1558,9.7,7.7
1558,9,7.63
1558,12.2,8.17
1558,10.63,7.27
1558,13.5,8.2
1558,9.37,7.67
1558,10.6,7.53
1558,13.17,7.97
1558,9.3,7.8
1558,9,7.4
1558,15.43,8.3
1558,9.17,8.27
1558,10.73,8.1
1558,11.93,10.43
1558,21.4,15.43
1558,21.73,19.2
1558,21.63,19.27
1558,25.53,18.5
1558,22.93,17.8
1558,19.4,15.47
1558,22.37,15.6
1558,20.83,15.43
1558,18.83,13.6
1558,19.07,14.2
1558,20.1,14.07
1558,22.27,15.7
1558,15.97,13.7
1558,18.27,13.27
1558,21,14.47
1558,20.67,14.27
1558,19.03,13.47
1558,17.67,13.07
1558,20,13.3
1558,17.53,13.03
1558,19.97,14.7
1558,25.4,13.97
1558,17.23,13.9
1558,19.17,13
1558,14.83,11.7
1558,15.27,11.17
1558,14.7,10.53
1558,17.5,10.97
1558,16.1,13.13
1558,17.17,11.77
1558,14.77,10.9
1558,17.7,12
1558,15.43,11.1
1558,14.63,11.63
1558,16.63,10.6
1558,15.27,11.23
1558,18.2,11.63
1558,13.63,11.17
1558,17,10.63
1558,16.03,11.47
1558,16.43,11.33
1558,14.8,11.5
1558,14.6,11.23
1558,15.17,11.73
1558,17.37,11.6
1558,15.47,12.23
1558,16.67,12.03
1558,17.2,13.47
1558,16.7,13.47
1558,22.13,14.4
1558,20.27,14.87
1558,21.27,12.37
1558,22.1,13.87
1558,17.47,12.9
1558,22.47,14.97
1558,17.1,12.9
1558,20.83,14.53
1558,27.6,15.9
1558,17.5,15.13
1558,19.13,13.3
1558,20.53,13.9
1558,21.4,15.33
1558,22.43,16.43
1558,24.43,17.8
1558,24.23,17.77
1558,20.03,15.77
1558,21.13,15.8
1558,20.03,13.03
1558,22.53,15.13
1558,20.5,13.93
1558,16.23,13.37
1558,20.1,13.97
1558,20.43,12.93
1558,19.67,12.93
1558,16.87,11.43
1558,15.47,11.5
1558,14.73,11.9
1558,18.57,12.27
1558,18.43,11.93
1558,14.8,10.13
1558,14.17,9.77
1558,18.37,11.53
1558,14.07,8.87
1558,15.2,10.5
1558,19,12.3
1558,17.2,12
1558,16.37,12.23
1558,18.43,12.43
1558,21.53,12.93
1558,22.6,12.6
1558,19.77,13.47
1558,25.27,17.1
1558,24.93,16.13
1558,17.13,12.43
1558,21.03,13.5
1558,18.67,12.73
1558,26.27,17.23
1558,19.17,16.13
1558,18.1,13.63
1558,18.5,14.1
1558,19.77,14.1
1558,19.53,13.53
1558,20.13,12.8
1558,14.1,10.5
1558,18.17,12
1558,19.3,13.87
1558,17.3,11.87
1558,24.63,14.97
1558,22.27,14
1558,18.5,12.87
1558,23.63,13.77
1558,19.7,12.27
1558,25.4,17.77
1558,17.47,10
1558,15.57,8.03
1558,14.87,8
1558,10.83,7.6
1558,10.57,7.3
1558,12.2,6.87
1558,12.1,7.03
1558,9.8,6.9
1558,13.2,7.7
1558,10.17,7.07
1558,13.23,8.47
1558,15.53,7.63
1558,9.73,7.23
1558,14.1,8.2
1558,14.17,7.27
1558,10.97,7.1
1558,11.37,7.27
1558,10.8,6.9
1558,11.57,6.93
1558,13.7,6.8
1558,13.8,7.57
1558,11.53,6.63
1558,8.87,6.8
1558,13.23,6.93
1558,10.9,6.73
1558,9.93,6.17
1558,9.67,6.6
1558,7.83,6.17
1558,14.33,6.87
1558,10.1,5.93
1558,8.7,6.13
1558,9.33,6.7
1558,11.53,6.5
1558,11.97,6.87
1558,12,7.4
1558,12.47,7.7
1558,10.03,7.2
1558,9.93,7.3
1558,12.17,7.7
1558,16,8.73
1558,10,6.03
1558,13.4,8.4
1558,11.8,8.07
1558,15.53,7.73
1558,11.07,7.73
1558,11.63,7.57
1558,13.2,6.93
1558,13.27,7.5
1558,12.43,7.67
1558,12.73,8.1
1558,11.77,7.83
1558,11.53,7.67
1558,8.9,7.7
1558,9.9,7.63
1558,11.1,7.53
1558,9.07,7.3
1558,10.3,7.87
1558,13.03,7.53
1558,10.97,7.43
1558,11.97,7.13
1558,10.37,7.83
1558,12.97,8.17
1558,12.33,7.53
1558,11.7,7.67
1558,10.2,8.2
1558,10.5,7.5
1558,9.07,7.03
1558,12.9,8.37
1558,11.13,7.1
1558,11.73,7.4
1558,10.63,8.13
1558,10.17,8.73
1558,11.57,7.9
1558,13.17,8.93
1558,8.47,6.23
1558,9.43,8.3
1558,11.8,8.4
1558,11.73,7.67
1558,13.37,8
1558,8.93,8.03
1558,10.17,8.27
1558,16.03,7.93
1558,9.97,7.33
1558,10.73,7.67
1558,11.2,8.17
1558,11.13,7.53
1558,9.8,7.67
1558,12.3,8.43
1558,9.93,8.07
1558,9.27,7.73
1558,9.6,8.6
1558,12.37,8.5
1558,10.63,8.23
1558,11.6,8.6
1558,14.53,9.17
1558,9.1,7.5
1558,13.53,8.13
1558,10.83,8.63
1558,11.87,8.37
1558,11.33,8.9
1558,11.37,8.4
1558,13.7,7.83
1558,10.23,7.8
1558,11.77,7.87
1558,9.47,7.57
1558,12.07,8
1558,10.93,8.77
1558,13.47,8.53
1558,11.23,8.83
1558,12.13,7.97
1558,13.77,9
1558,12.33,9.2
1558,12.53,10.17
1558,13.3,9.47
1558,14.57,10.13
1558,12.7,9.43
1558,13.23,9.87
1558,15.8,10.6
1558,14.47,10.7
1558,12.2,10.57
1558,13.47,10.67
1558,11.5,10.1
1558,13.83,10.8
1558,11.93,9.4
1558,11.17,8.73
1558,11.07,9.17
1558,14,9.3
1558,9.5,8.1
1558,11.1,8.7
1558,10.63,8.4
1558,11.57,9
1558,14,8.83
1558,11.6,8.57
1558,11.9,8.83
1558,11.07,8.8
1558,14.83,8.77
1558,9.9,7.83
1558,12.13,9.17
1558,14.07,8.97
1558,10.47,9.03
1558,11.2,8.4
1558,12.6,9.2
1558,13.77,8.87
1558,12.47,9.03
1558,13.47,9.6
1558,11.9,8.97
1558,13.3,9.03
1558,14.6,9.93
1558,11.63,9.6
1558,12.37,9.5
1558,11.2,9.6
1558,12.03,9.37
1558,14.3,10
1558,13.13,9.5
1558,13.7,9.5
1558,14.9,9.4
1558,12.03,9.63
1558,10.6,9.43
1558,11.1,9
1558,22.8,10.1
1558,13.47,8.63
1558,14.43,9.13
1558,12.7,9.27
1558,11.53,9.67
1558,13.07,9.67
1558,15.33,10.07
1558,14.43,9.8
1558,13.83,9.3
1558,13.4,10.3
1558,14.33,10.27
1558,13.9,9.9
1558,11.3,9.77
1558,10.67,8.67
1558,11.2,9.67
1558,13,10.67
1558,18.43,10.8
1558,12.73,10.63
1558,14,10.8
1558,14.37,10.73
1558,12.87,10.47
1558,14.13,11
1558,14.57,11.47
1558,12.5,11.13
1558,12.63,10.93
1558,16.17,12.1
1558,17.3,12.37
1558,17.47,11.47
1558,14.87,11.47
1558,14.93,11.43
1558,15.13,12.13
1558,13.83,12.23
1558,13.97,10.73
1558,15.57,12.9
1558,16.2,13.23
1558,17.57,12.97
1558,18.77,13.5
1558,18.43,13.67
1558,17.17,14
1558,21.87,13.97
1558,17.67,13.27
1558,20.53,13.13
1558,16.07,13.6
1558,18.4,14.07
1558,14.3,12.87
1558,14.87,12.73
1558,21.87,14.7
1558,20.77,13.87
1558,18.87,14.13
1558,17.37,13.37
1558,17.63,13.67
1558,18.53,13.67
1558,17.37,13.97
1558,16.8,14.67
1558,21.7,15.37
1558,21.1,15.47
1558,18.27,15.3
1558,19.17,14.27
1558,22.97,15.33
1558,17.33,14.77
1558,15.93,14.07
1558,17.7,14.37
1558,20.33,14.87
1558,18.63,14.87
1558,18.37,15.83
1558,19.1,15.37
1558,16.4,14.7
1558,18,15.87
1558,15.47,13.6
1558,17.37,15.53
1558,20.2,16.23
1558,18.9,16.07
1558,18.73,16
1558,20.07,16.37
1558,15.53,13.33
1558,16.9,13.9
1558,16.53,14.73
1558,15.4,13.8
1558,15.83,14
1558,14.33,12.83
1558,17.57,14.03
1558,17.3,13.43
1558,15.2,13.6
1558,15.27,13.3
1558,18.07,13.57
1558,15.2,13.2
1558,14.63,13.13
1558,16.23,13.77
1558,14.47,12.97
1558,15.83,13.67
1558,16.03,14.47
1558,19.27,13.9
1558,16.43,14.4
1558,16.4,14.7
1558,17.23,15
1558,18.33,15.27
1558,16.13,14.47
1558,17.4,14.8
1558,17.73,14.1
1558,15.83,14.2
1558,17.93,14.33
1558,18.07,14.7
1558,15.8,13.73
1558,15,13.43
1558,18.03,14.43
1558,15.9,14.17
1558,16.13,14.53
1558,15.7,14.13
1558,15.83,14.23
1558,18.17,14.83
1558,15.67,14.17
1558,15.17,13.7
1558,17.97,13.1
1558,15.63,14
1558,14.7,13.33
1558,15.5,14
1558,15.53,13.73
1558,14.57,13.07
1558,15.27,13.67
1558,14.73,13.23
1558,16.53,13.8
1558,14.63,13.07
1558,14.9,13.23
1558,14.53,13.03
1558,16.13,14.43
1558,15.7,14.1
1558,15.13,12.9
1558,15.4,13.8
1558,14.67,13.17
1558,14.47,12.97
1558,14.17,12.67
1558,17,13.23
1558,14.5,12.23
1558,17,12.5
1558,14.63,11.7
1558,14.73,12.37
1558,16.73,12.87
1558,15.07,13.47
1558,16.53,13.23
1558,14.2,12.67
1558,14.33,12.77
1558,15,13.4
1558,14.33,12.5
1558,13.93,12.4
1558,12.87,11.5
1558,14.37,12.73
1558,13.9,12.33
1558,16.27,13.53
1558,15.13,12.2
1558,15.57,13.2
1558,13.57,12.17
1558,14.17,12.3
1558,14.5,13
1558,13.9,12.27
1558,14.53,13.03
1558,18.07,13.27
1558,15.33,12.37
1558,12.03,10.83
1558,12.3,11.1
1558,14.8,11.5
1558,10.57,9.47
1558,10.6,9.53
1558,13.57,10.7
1558,13.03,11.33
1558,14.33,10.3
1558,12.9,11.37
1558,12.1,10.77
1558,14.3,11.33
1558,13.07,11.5
1558,11.83,10.63
1558,14.7,11
1558,12.5,11.3
1558,12.1,10.8
1558,14.63,11.57
1558,11.23,10.13
1558,15.03,11.07
1558,17.3,11.97
1558,13.53,11.27
1558,13.47,10.07
1558,10.97,9.7
1558,11.43,9.57
1558,12.87,10.7
1558,11.93,10.73
1558,14.63,11.23
1558,14.07,11
1558,13.73,11.63
1558,15.13,10.6
1558,12.33,11.13
1558,15.03,11.23
1558,13.63,11.57
1558,12.67,11.17
1558,14.13,10.67
1558,15.13,11.77
1558,14.13,11.6
1558,15.03,12.47
1558,17.63,13.37
1558,20.03,13.8
1558,14.4,12.13
1558,20.2,13.13
1558,15.77,13.9
1558,18.4,14.3
1558,16.5,13.1
1558,17.83,12.67
1558,16.07,12.3
1558,19.43,13.23
1558,14.4,12.57
1558,17.6,13.3
1558,14.2,12.67
1558,14.13,12.63
1558,15.93,12.6
1558,13.27,11.97
1558,14.8,11.13
1558,17.23,11.9
1558,17.13,12.6
1558,18.37,13.77
1558,14.77,12
1558,17.73,13
1558,15.3,13.13
1558,14.07,12.13
1558,18.2,13.87
1558,13.57,12.13
1558,15.37,12.13
1558,20.03,12.37
1558,16.07,12.07
1558,13.8,12.4
1558,13.97,12.47
1558,12.83,11.3
1558,19.37,12.03
1558,12.8,11.23
1558,13.4,12
1558,15.83,12.5
1558,14.3,11.6
1558,15.33,11.5
1558,16.33,11.5
1558,16.33,11.73
1558,12.1,10.67
1558,12.33,11
1558,12.9,11.43
1558,14.83,11.23
1558,14.17,11.97
1558,13.57,12.17
1558,13.13,11.77
1558,19.33,12.57
1558,14.1,12.6
1558,13.03,11.73
1558,12.23,10.87
1558,12.87,11.5
1558,12.97,10.9
1558,15.17,12.47
1558,14.73,10.03
1558,11.8,10
1558,14.1,10.07
1558,15.3,10.77
1558,15.1,9.5
1558,10.23,9.23
1558,10.4,9.33
1558,10.83,9.47
1558,10.67,9.23
1558,13.37,10.3
1558,13.43,10.47
1558,11.13,9.9
1558,11.03,9.1
1558,11.67,9.33
1558,11,9.4
1558,12.57,8.93
1558,15.7,9.93
1558,11.3,10.1
1558,13.13,9.4
1558,11.33,8.9
1558,14.2,10.7
1558,11.93,9.2
1558,11.47,9.53
1558,11.97,9.73
1558,10.93,9.2
1558,11.8,9.67
1558,9.77,8.7
1558,12.43,8.9
1558,10.7,8.7
1558,9.53,8.6
1558,13.97,9.8
1558,11.13,9.43
1558,13.77,10
1558,17.77,10.83
1558,16.03,10.63
1558,14.8,10.87
1558,14.63,10.2
1558,24.47,13.7
1558,11.6,10.4
1558,11.53,10.33
1558,14.3,11.93
1558,15.83,10.47
1558,14.4,11.1
1558,12.47,9.83
1558,12.73,10.07
1558,14.03,11.03
1558,15.83,10.83
1558,12.23,10.73
1558,13.6,10.2
1558,11.57,9.87
1558,13.33,9.43
1558,13.2,10.37
1558,13.13,10.2
1558,14.9,10.7
1558,12.23,9.73
1558,13.4,10.73
1558,14.13,11.43
1558,12.5,9.87
1558,12.83,10.6
1558,14.93,10.5
1558,14.87,9.97
1558,12.5,10.23
1558,12.87,10.57
1558,15.03,11.9
1558,12.6,11.3
1558,14.27,10.63
1558,12.77,11.47
1558,17.67,13.37
1558,18.83,13.6
1558,15.8,12.1
1558,17.13,13.6
1558,15.83,13.17
1558,13.67,12.2
1558,14.47,11.47
1558,20.57,12.8
1558,17.5,13.23
1558,15.73,13.97
1558,20.17,15
1558,24.5,15.63
1558,19.43,17.1
1558,23.3,15.5
1558,19.67,14.8
1558,19.87,15.23
1558,17.3,14.9
1558,19.83,16.2
1558,23.57,17.9
1558,24.47,19.6
1558,27.3,21.2
1558,26.27,19.33
1558,28.77,21
1558,28.07,22.3
1558,29.7,22.77
1558,27.63,22.4
1558,30.93,23.57
1558,31.87,23.73
1558,31.03,22.43
1558,27.1,19.67
1558,27.47,20.27
1558,33.5,22.03
1558,33.83,24.17
1558,33.67,22.8
1558,31.67,23.77
1558,37.4,27.3
1558,34.23,25.13
1558,37.17,27.4
1558,36.73,27.8
1558,32.5,25.8
1558,37.73,26.93
1558,32.1,24.13
1558,26.37,21.8
1558,23.6,17.5
1558,21.2,16.03
1558,25.6,17.8
1558,23.97,17.73
1558,20.33,16.7
1558,24.6,17.17
1558,21.07,17.7
1558,17.9,15.3
1558,17.3,15.33
1558,23.2,16.6
1558,20.33,14.73
1558,18.1,14.83
1558,23.07,16.3
1558,20.97,16.83
1558,23.67,18.8
1558,24.4,17.43
1558,27.8,18.27
1558,19.4,15.63
1558,16.27,13.6
1558,14.47,12.97
1558,15.6,12.97
1558,18.27,13.63
1558,22.53,16.13
1558,20.8,18.57
1558,38.53,28.67
1558,52.07,33.9
1558,56.57,38.07
1558,52.13,37.4
1558,58.83,42
1558,66.23,44.97
1558,62.57,40.07
1558,56.23,42
1558,46.67,34.5
1558,49.8,34.5
1558,53.8,37.67
1558,59.2,41.63
1558,52.3,39.67
1558,56.5,39.5
1558,50.7,33.43
1558,44.33,33.53
1558,40.03,30.97
1558,42.03,31.5
1558,41.1,29.8
1558,38.87,31.07
1558,38.73,28.9
1558,38.77,28.27
1558,36.43,27.6
1558,42.27,30.57
1558,47.2,31.97
1558,44.77,31.77
1558,44.57,32.73
1558,39.8,28.63
1558,42.93,31.97
1558,40.4,30.27
1558,35.93,27.67
1558,37.53,27.37
1558,33.23,25.77
1558,40.17,27.3
1558,39.23,28.1
1558,39.27,29.07
1558,43.43,32.33
1558,51.03,36.9
1558,65.8,43.33
1558,64.23,46.87
1558,66.5,42.13
1558,64.87,45.1
1558,58.83,36.8
1558,50.07,34.5
1558,41,29.67
1558,38.1,27.43
1558,36.77,28.27
1558,36,26.77
1558,33.17,24.07
1558,50.27,35.83
1558,51.93,35.97
1558,51.97,35.87
1558,51.27,33.97
1558,45.5,32.97
1558,43.67,30.8
1558,52.6,33.1
1558,50.77,33.13
1558,53.63,34.3
1558,53.2,35.6
1558,44.6,31.93
1558,47.1,32.2
1558,47.43,32.7
1558,47.03,32.13
1558,44.07,31.93
1558,40.4,29.73
1558,37.63,25.83
1558,30.93,21.93
1558,27.87,20.07
1558,32.5,22.6
1558,28.33,19.83
1558,26,19.37
1558,23.43,18.03
1558,22.73,16.2
1558,23.27,18.3
1558,21.63,15.7
1558,18.43,13.93
1558,21.07,15
1558,18.53,13.97
1558,20.87,15.27
1558,18.4,13.73
1558,18.73,14.37
1558,19.4,14.93
1558,18.6,13.7
1558,17.07,14
1558,17.57,13.1
1558,15.57,12.77
1558,15.43,12.57
1558,15.53,13.2
1558,20.27,13.37
1558,17.43,12.63
1558,14.03,12.17
1558,16,13.4
1558,15.87,12.07
1558,19.87,13.6
1558,17.17,12.3
1558,15.73,12.67
1558,13.67,12
1558,21.47,12.57
1558,17.73,12.4
1558,15.57,12.2
1558,16.4,12.2
1558,18.07,12.83
1558,17.9,11.77
1558,14.3,12.9
1558,20.57,13.1
1558,15.9,12.3
1558,16.67,13.23
1558,17.47,11.37
1558,15.07,11.43
1558,14.73,13.1
1558,17.67,13.63
1558,17.57,12.57
1558,16.83,13.27
1558,17.2,13.03
1558,18.13,12.83
1558,20.77,14.27
1558,17.87,13.7
1558,21.43,13.2
1558,16.17,13.43
1558,18.2,13.63
1558,16.7,13.1
1558,21.07,14.4
1558,19.3,14.97
1558,17.73,13.67
1558,19.67,14.9
1558,18.4,14
1558,19,14.5
1558,20.23,13.5
1558,19.07,14.73
1558,22.57,14.73
1558,15.8,13.37
1558,15.77,13.53
1558,16.23,13
1558,17.57,14.23
1558,20,14.03
1558,22.3,13.73
1558,17.2,13.67
1558,19.13,13.97
1558,20.13,14.73
1558,18.4,13.77
1558,19.83,13.13
1558,16.57,13.67
1558,17.17,13.9
1558,17.47,12.33
1558,18.57,15.1
1558,19.3,13.43
1558,16.5,12.97
1558,18.9,14.27
1558,17.53,13.47
1558,19.23,14.7
1558,22,14.3
1558,19.8,14.8
1558,22.67,15.47
1558,23.23,15.17
1558,17.97,14.57
1558,21.03,14.97
1558,20.97,15.83
1558,19.73,15.97
1558,22.13,15.37
1558,21.3,15.97
1558,23.2,17.03
1558,22.4,16.4
1558,22.67,16.7
1558,23.1,16.97
1558,23.7,17.07
1558,21.53,16.87
1558,22.5,17.4
1558,24.43,17.63
1558,23.6,17.8
1558,23,18.23
1558,23.67,17.23
1558,24.5,18.07
1558,25,18.73
1558,22.27,18.2
1558,24.3,17.67
1558,21.9,16.67
1558,21.27,16
1558,23.4,16.77
1558,20.87,16.03
1558,24.27,15.6
1558,23.97,15.53
1558,22.47,15.87
1558,21.07,16.03
1558,19.53,16.43
1558,21.13,16.37
1558,19.67,14.9
1558,24.37,15.73
1558,20.33,16.17
1558,19.53,15
1558,22.5,17.23
1558,19.57,15.83
1558,20.7,15.97
1558,20.4,15.7
1558,21.87,16.27
1558,21.7,16.27
1558,19.7,15.1
1558,20.2,16.6
1558,20.9,16.47
1558,26.43,19
1558,24.7,18.7
1558,24.5,18.43
1558,30.03,19.2
1558,23,17.07
1558,23.57,17.83
1558,20.9,16.83
1558,23.67,18.4
1558,24.47,17.7
1558,22.73,17.07
1558,26.27,17.83
1558,27.73,17.2
1558,28.17,19.7
1558,24.37,18.57
1558,25.07,18.2
1558,26.4,18.03
1558,24.83,19.13
1558,27.43,19.6
1558,28.13,19.67
1558,25.97,19.7
1558,27.1,19.13
1558,28.8,20.47
1558,27.77,20.27
1558,31.33,19.73
1558,29.37,21.1
1558,31.03,21.13
1558,29.8,20.8
1558,30.03,21.47
1558,30.2,20.87
1558,28.73,22.17
1558,30.13,19.83
1558,29.8,22.1
1558,29.7,20
1558,29.07,21.17
1558,29.03,20.7
1558,30.13,21.9
1558,27.93,20.5
1558,29.13,20.57
1558,26.77,19.8
1558,29.97,21.33
1558,27.93,21.53
1558,28.9,21.83
1558,30.07,22.67
1558,26.4,19
1558,28.97,21.97
1558,27.9,20.97
1558,33.63,24.87
1558,38.3,28.23
1558,30.27,23.6
1558,31.47,26.63
1558,22.77,17.57
1558,27.83,20.3
1558,31.9,21.6
1558,29.67,21.8
1558,27.83,21.53
1558,28.83,20.87
1558,26.2,19.4
1558,29,23.53
1558,25.9,21.47
1558,32.27,23.53
1558,27.87,20.63
1558,22.9,19.13
1558,29.73,21.83
1558,27.77,23.43
1558,24.63,20.8
1558,30.87,23.07
1558,24.47,20.03
1558,26.8,22.73
1558,30.1,21.9
1558,22.47,18.03
1558,33.2,24.57
1558,26.73,19.67
1558,24.87,19.57
1558,28.77,19.6
1558,26.87,22.63
1558,25.47,19.97
1558,28.1,21.27
1558,23.63,19.7
1558,26.37,21.47
1558,26.43,20.6
1558,28,22.27
1558,22.17,17.7
1558,26.07,18.23
1558,24.27,19.27
1558,24.67,18.23
1558,23.5,20
1558,24.97,19.8
1558,23.33,20.23
1558,25.13,20.73
1558,22.1,18.93
1558,22.17,18.17
1558,21.97,19.2
1558,22.3,18.77
1558,25.4,19.63
1558,23.77,19.77
1558,26.1,20.37
1558,21.3,19
1558,23.67,20.03
1558,21.43,18.53
1558,22.17,18.43
1558,22.23,19.83
1558,25.77,18.77
1558,21.3,19.07
1558,21.23,17.53
1558,21.9,19.2
1558,21.87,19.5
1558,21.83,19.53
1558,22.17,19.5
1558,21,17.23
1558,23.5,21.1
1558,23.3,19.7
1558,22.7,18.4
1558,21,18.9
1558,20.63,18.27
1558,21.1,18.9
1558,21.3,19.1
1558,20.5,18.37
1558,20.8,18.77
1558,21.23,18.93
1558,21.43,18.37
1558,21.97,19.23
1558,20.3,17.5
1558,22.4,20.2
1558,21.57,18.83
1558,19.53,17.5
1558,20.27,18.13
1558,21.13,19.03
1558,20.43,18.4
1558,20.4,18.3
1558,20.53,17.87
1558,21.63,18.27
1558,21.37,18.87
1558,20.27,18.07
1558,21.23,18.27
1558,21.83,19.63
1558,24.03,20.6
1558,21.47,19.13
1558,21.23,19.1
1558,20.8,18.6
1558,21.5,19.4
1558,20.77,18.57
1558,19.87,17.77
1558,20.87,18.77
1558,22.17,19.83
1558,20.63,17.13
1558,22.17,19.93
1558,20.93,18.73
1558,20.77,18.63
1558,21.2,18.47
1558,19.9,17.8
1558,18.53,15.8
1558,20,16.87
1558,18.97,17.1
1558,18.7,16.8
1558,19.1,17.2
1558,19.6,17.57
1558,18.67,16.7
1558,18.73,16.73
1558,19.17,16.97
1558,19.27,17.33
1558,20.87,18.83
1558,22.17,18.7
1558,20.1,18.13
1558,20.3,18.17
1558,20,17.9
1558,18.8,16.9
1558,19.1,17.03
1558,19.17,17.13
1558,19.13,16.67
1558,19.3,17.37
1558,18.77,16.8
1558,18.6,16.87
1558,17.4,15.67
1558,18.67,15.63
1558,16.87,15.27
1558,19.97,15.83
1558,17.5,15.77
1558,17,15.5
1558,17.5,15.73
1558,17.07,15.47
1558,16.83,14.93
1558,17.3,15.5
1558,17.13,15.53
1558,17.63,15.93
1558,18.17,16.27
1558,20.2,16.4
1558,22.17,16.4
1558,21.83,17.63
1558,20.93,17.07
1558,18.1,16.3
1558,18.17,16.27
1558,17.43,15.73
1558,17.5,15.9
1558,17.77,16
1558,17.47,15.77
1558,17.7,15.4
1558,16.37,14.77
1558,16,14.4
1558,16.87,15.03
1558,17.17,14.3
1558,16.7,14.9
1558,16.13,14.33
1558,18.07,16.3
1558,19.48,17.35
1558,18.45,16.48
1558,16.32,14.75
1558,17.6,15.58
1558,17.77,15.65
1558,16.77,15.17
1558,16.67,15.07
1558,16.77,14.73
1558,15.7,14.17
1558,16.33,14.63
1558,15.57,13.97
1558,15.4,13.9
1558,17.3,14.93
1558,15.63,14.13
1558,15.33,13.9
1558,15.97,14.37
1558,16.63,14.93
1558,17.2,15.27
1558,14.33,12.93
1558,15.07,12.8
1558,12.67,11.37
1558,13.4,12.2
1558,15.3,13.9
1558,17.3,13.9
1558,16.47,14.87
1558,14.4,13.1
1558,14,12.33
1558,12.83,11.43
1558,13.67,12.27
1558,14.6,12.5
1558,15.53,13.53
1558,13.2,11.8
1558,12.4,10.57
1558,14.7,11.6
1558,13.2,11.9
1558,14.1,11.27
1558,14.93,12.77
1558,13.43,11.87
1558,13.33,11.93
1558,13.63,12.2
1558,14.83,13.37
1558,15,13.4
1558,15.17,13.37
1558,16.73,14.9
1558,15.3,13.4
1558,19.43,14.27
1558,19.37,13.7
1558,14.73,13.07
1558,15.63,12.47
1558,17.47,13.43
1558,13.07,11.17
1558,15.8,13.9
1558,16.63,12.83
1558,15.6,14
1558,15.43,13.1
1558,14.5,13
1558,14.9,13.27
1558,16.8,13.13
1558,14.1,12.63
1558,20.37,13.67
1558,16.43,14.5
1558,14.97,13.5
1558,15.8,14.2
1558,16.8,14.07
1558,15.5,13.9
1558,17.23,15.5
1558,16.77,14.83
1558,17.73,14.3
1558,14.8,13.37
1558,15.57,13.23
1558,15.87,12.83
1558,15.27,13.67
1558,16.77,13.33
1558,14.6,13.03
1558,17.27,15.47
1558,20.23,16.37
1558,21.43,14.1
1558,17.33,15.53
1558,15.93,14.33
1558,22.33,17.83
1558,19.03,16.8
1558,25.03,18.7
1558,21.4,18.53
1558,21.33,17.03
1558,18.47,15.4
1558,20.4,15.7
1558,23,16.57
1558,21.13,17.1
1558,19.63,16.83
1558,20.7,17.93
1558,21.53,16.27
1558,18.67,16.57
1558,23.9,20.5
1558,19.57,17.43
1558,18.4,16.33
1558,21.9,19.27
1558,30.3,24.77
1558,26.1,21.03
1558,21.27,18.6
1558,23.47,19.93
1558,18.83,16.93
1558,19.47,17.33
1558,20.13,16.27
1558,23.33,16.83
1558,18.33,15.63
1558,22.43,17.73
1558,18.87,16.9
1558,22.8,18.2
1558,19.37,17.37
1558,18.07,16.1
1558,22.37,17.3
1558,20.3,18.17
1558,20.73,17.8
1558,21.93,17.27
1558,23.1,19
1558,20.43,16.1
1558,24.87,18.07
1558,21.3,17.5
1558,20.77,17.4
1558,22.37,19.97
1558,22.7,18.6
1558,18.33,16.43
1558,20.93,17.47
1558,18.73,15.93
1558,20.8,18.6
1558,23.17,18.07
1558,18.47,15.53
1558,17.33,15.5
1558,20.03,15.97
1558,20.2,16.97
1558,19,15.4
1558,25.47,18.13
1558,25.1,18.27
1558,23.97,17.97
1558,20.1,17.33
1558,25.87,18.97
1558,21.37,17.43
1558,21.2,16.73
1558,19.17,16.93
1558,20.57,16.27
1558,19.27,13.73
1558,21.43,15.7
1558,18.97,15.97
1558,23.43,18.37
1558,21.57,17.37
1558,25.9,19.5
1558,22,18.07
1558,22.93,19.03
1558,25.93,21.4
1558,25.6,20.97
1558,29.33,23.17
1558,29.2,22.93
1558,31.07,24.6
1558,35.37,27
1558,33.93,26.8
1558,36.17,26.2
1558,30.43,24.3
1558,28.67,24.93
1558,32.83,23.7
1558,31.03,23.97
1558,32.63,23.47
1558,30.8,23.87
1558,30.63,25.1
1558,27.43,22.83
1558,28.2,21.73
1558,26.63,21.83
1558,29.9,22.7
1558,27.53,22.97
1558,24.57,22.13
1558,25.67,19.53
1558,24.6,20.53
1558,24.47,20.23
1558,24.67,20.13
1558,28.93,23.03
1558,28.47,23.13
1558,25.73,21.33
1558,29.23,19.87
1558,24.8,21.03
1558,29.47,22.2
1558,24.27,19.43
1558,22.97,16.6
1558,21.93,18.93
1558,21.57,17.37
1558,23.47,18.93
1558,20.17,17.97
1558,23.7,17.13
1558,20.7,17.07
1558,22.07,17.5
1558,21.07,17.8
1558,20.9,16.77
1558,21.93,16.83
1558,23.47,16.73
1558,22.27,17
1558,26.9,19.5
1558,22.67,17.13
1558,21.3,19
1558,23.4,17.87
1558,21.17,17.13
1558,23.2,18.07
1558,24.23,18.33
1558,27.5,18.77
1558,19.9,16.5
1558,20.93,15.9
1558,23.83,18.27
1558,22.73,19.97
1558,22.7,17.63
1558,25.47,18.63
1558,22.97,18
1558,23.03,19.07
1558,25.73,19.17
1558,21.6,18.03
1558,24.53,18.9
1558,22.7,18.47
1558,23.2,18.77
1558,22.33,16.9
1558,23.33,19.03
1558,23.4,19.6
1558,23.73,18.87
1558,23.67,17.67
1558,26.1,19.7
1558,25.1,19.57
1558,27.8,19.27
1558,26.1,18.53
1558,24.67,19.63
1558,24.13,19.73
1558,28.3,20.83
1558,24.77,19
1558,25.33,17.2
1558,24.17,18.63
1558,23.63,18.97
1558,23.03,18.5
1558,23.9,18.9
1558,24.6,17.77
1558,23.47,17.4
1558,24.23,17.97
1558,23.67,17.77
1558,25.23,17.73
1558,21.5,17.73
1558,23.07,16.67
1558,20.87,15
1558,19.27,17.03
1558,22.9,17.2
1558,21.63,17.67
1558,21.77,16.47
1558,19.77,16.6
1558,21.5,17.3
1558,21.37,17.03
1558,25.2,16.87
1558,21.57,19.1
1558,19.63,15.93
1558,18.17,15.13
1558,23.37,17.2
1558,23.3,16.17
1558,22.6,17.03
1558,19.47,16.33
1558,20.53,16.5
1558,23.97,16.67
1558,21.73,16.73
1558,21.33,16.4
1558,21.47,17.97
1558,21,16.97
1558,21.87,17.17
1558,21.93,16.9
1558,21.83,17.1
1558,20.03,16.4
1558,21.13,16.07
1558,19.13,15.5
1558,21.33,16.47
1558,21.33,17.03
1558,17.47,15.53
1558,15.87,13.4
1558,15.97,12.93
1558,15.17,12.63
1558,14.33,11.83
1558,15.17,12.73
1558,14.47,11.93
1558,13.9,10.97
1558,14.23,11.3
1558,13.8,10.53
1558,13.2,9.9
1558,12.4,10.5
1558,12,10.63
1558,13.2,10.5
1558,12.43,9.83
1558,11.8,10.33
1558,13.67,10.43
1558,12.67,10.07
1558,13.57,10.5
1558,14.57,11.33
1558,14.1,10.53
1558,14.17,10.5
1558,14.37,10.5
1558,15.07,10.9
1558,13.07,10.43
1558,12.53,9.87
1558,11.73,10.53
1558,13.63,9.37
1558,12.17,9.33
1558,11.73,10.1
1558,11.27,9.6
1558,13.07,10
1558,12.87,9.9
1558,12.73,10.27
1558,12.07,10.3
1558,13.9,10.27
1558,12.8,10.17
1558,12.83,9.7
1558,13.03,10.97
1558,13.43,10.33
1558,13.2,10.73
1558,11.67,9.93
1558,12.13,10.93
1558,14.03,10.6
1558,12.73,10.23
1558,11.47,10.27
1558,15.07,10.9
1558,12.5,9.83
1558,11.7,10.03
1558,10.5,9.4
1558,10.47,9.37
1558,12.2,9
1558,10.7,9.3
1558,10.63,9.53
1558,11.87,9.47
1558,11.5,9.27
1558,11.97,8.87
1558,10.57,9.27
1558,14.43,9.87
1558,10.6,8.9
1558,10.93,9.5
1558,10.2,8.97
1558,10.67,9.57
1558,10.5,9.5
1558,11.57,9.03
1558,12.43,9.47
1558,11.27,9.3
1558,10.47,8.7
1558,12.4,9.63
1558,11.8,9.63
1558,11.17,9.77
1558,11,9.47
1558,11.97,10.07
1558,12.77,10.07
1558,12.63,9.73
1558,12.47,10.13
1558,11.87,10.57
1558,11.3,9.63
1558,14.5,10.63
1558,12.77,10.03
1558,11.2,9.97
1558,11.5,9.93
1558,12.77,9.97
1558,13.77,10.93
1558,14.17,11.1
1558,15.53,10.5
1558,14.77,11.53
1558,14.8,10.4
1558,13.13,11.83
1558,13.83,10.8
1558,13.8,10.8
1558,13.8,11.37
1558,14.23,11.6
1558,13.53,10.87
1558,14.9,11.93
1558,14.8,12.67
1558,17.1,13.1
1558,18.37,12.87
1558,13.7,11.7
1558,15,11.9
1558,16.67,12.13
1558,15.3,11.97
1558,14.37,12.13
1558,14.67,12.33
1558,14.57,11.93
1558,16.57,11.27
1558,13.93,10.93
1558,13.3,11.4
1558,16.1,11.87
1558,15.63,12.07
1558,16.8,12.5
1558,15.33,12.87
1558,15.27,13.03
1558,16.43,12.13
1558,17.17,13.4
1558,20.93,15.5
1558,16.17,13.43
1558,14.87,12.73
1558,16,13.87
1558,18.17,13.03
1558,17.87,13.33
1558,17.27,13.9
1558,16.87,13.8
1558,15.23,11.83
1558,14.23,12.2
1558,13.03,10.93
1558,14.17,11.67
1558,16,13.1
1558,15.83,11.47
1558,13.73,12.2
1558,16.4,12.5
1558,15.8,13.07
1558,14.97,12.57
1558,19.43,13.93
1558,17.97,14.97
1558,21.17,15
1558,21.1,16
1558,19.17,16.17
1558,26.3,18.67
1558,27.93,19.93
1558,24.43,17.9
1558,22.5,17.4
1558,24.07,18.3
1558,25.9,19.33
1558,22.63,16.77
1558,17.3,15.2
1558,21.63,16.33
1558,23.4,16.77
1558,20.4,16.13
1558,23.1,16.2
1558,18.7,15.27
1558,18.5,15.37
1558,20.47,16.8
1558,24.8,17.5
1558,21.53,16.93
1558,22.43,16.33
1558,17.5,15.53
1558,22.53,17.2
1558,19.67,17.03
1558,20.53,16.97
1558,20.13,16.9
1558,18.03,15.5
1558,19.43,15.97
1558,20,15.9
1558,20.9,16.2
1558,21.8,15.73
1558,19.93,15.43
1558,19.5,14.43
1558,17.53,14.43
1558,24,14.87
1558,16.87,13.07
1558,18.87,13.07
1558,16.6,13.73
1558,17.67,14.57
1558,17.7,14.73
1558,16.9,14.03
1558,17.93,14.73
1558,18.1,13.93
1558,17.73,12.83
1558,15.13,13.4
1558,18.23,13.07
1558,15.73,13.57
1558,17.77,14.7
1558,15.1,13.57
1558,17.53,13.3
1558,15.6,13.3
1558,18.3,14.37
1558,15.4,13.73
1558,18.43,13.33
1558,14.87,13.37
1558,16,14.23
1558,16.63,14.37
1558,15.73,13.73
1558,17.3,14.3
1558,17.13,14.37
1558,19.9,14.8
1558,17.6,13.77
1558,21.37,16.37
1558,16.53,14.3
1558,18.93,15.43
1558,16.8,14.53
1558,17.77,14.43
1558,21.03,15.2
1558,19,15.27
1558,16.13,14.43
1558,22.33,14.83
1558,15.93,14.03
1558,18.13,14.43
1558,15.5,13.97
1558,18.7,14.97
1558,15.27,13.67
1558,14.7,13.2
1558,14.93,13.53
1558,14.7,13.2
1558,17.27,15.53
1558,17.23,15.53
1558,16.67,14.97
1558,16,14.13
1558,16.8,15.07
1558,14.97,13.57
1558,14.95,13.25
1558,14.5,12.98
1558,13.38,12.25
1558,15.23,13.78
1558,14.33,13.05
1558,14.1,12.82
1558,14.93,13.28
1558,16.35,13.45
1558,14.63,12.9
1558,14.23,12.1
1558,14.23,12.87
1558,13.93,12.53
1558,14.47,13.1
1558,14.73,13.43
1558,14.65,13.45
1558,19.05,15.55
1558,15.87,14.4
1558,16.53,14.77
1558,15.9,14.6
1558,15.87,14.5
1558,15.57,14.07
1558,13.33,12.1
1558,16.17,14.13
1558,18.83,13.43
1558,13.8,12.5
1558,13.93,12.7
1558,14.5,13.03
1558,12.8,11.7
1558,13.17,11.9
1558,13.53,12.2
1558,12.5,11.3
1558,10.37,9.47
1558,9.87,9
1558,10.67,9.77
1558,11.47,10.37
1558,10.23,9.23
1558,9.97,8.97
1558,11.5,9.63
1558,11.27,10.1
1558,10.43,9.3
1558,13.43,9.77
1558,9.8,8.9
1558,10.7,9.7
1558,11.33,10.17
1558,12.43,10.9
1558,11.27,9.77
1558,9.6,8.7
1558,10.87,9.83
1558,10.6,9.5
1558,10.17,9.23
1558,10.57,9.47
1558,9.93,9
1558,11.03,9
1558,10.43,9.2
1558,9.7,8.8
1558,10.03,9.03
1558,8.93,8.07
1558,9.23,8.3
1558,8.4,7.6
1558,11.37,8.53
1558,9.5,8.7
1558,11.17,8.7
1558,10,9
1558,12.2,9.27
1558,10.27,9.2
1558,11.03,9.8
1558,10.9,9.63
1558,10.8,9.7
1558,9.43,8.57
1558,9.8,8.83
1558,11.73,9.83
1558,12.53,11.23
1558,13.3,12
1558,12.2,11
1558,13.83,11.43
1558,12.13,10.53
1558,11.87,10.6
1558,13.4,11.2
1558,12.77,11.57
1558,13.13,11.33
1558,11.2,9.97
1558,11.83,10.63
1558,12.8,11.5
1558,12.07,10.63
1558,14,11.07
1558,12.6,11.37
1558,12.6,11.27
1558,12.7,11.5
1558,12.6,11.3
1558,12.1,10.87
1558,11.83,10.57
1558,12.3,10.53
1558,10.87,9.87
1558,10.9,9.8
1558,11.8,10.6
1558,12.87,10.9
1558,10.93,9.93
1558,12.83,11.23
1558,11.73,10.43
1558,14.07,12.57
1558,13.2,11.37
1558,11.73,10.57
1558,11.7,10.5
1558,10.57,9.4
1558,12.33,11
1558,12.47,10.67
1558,13.13,11.73
1558,14.17,11.47
1558,12.77,11.47
1558,14.03,11.83
1558,12.13,10.93
1558,12.4,10.7
1558,12.5,11.3
1558,12.3,11.1
1558,15.37,12.53
1558,13.57,12.23
1558,14.93,13.33
1558,18.2,13.53
1558,16.33,14.17
1558,16.13,14.4
1558,14.17,12.5
1558,13.67,12.3
1558,13.67,11.5
1558,13.23,11.93
1558,14.33,12.57
1558,14.33,12.93
1558,14.9,12.9
1558,15.3,13.7
1558,17.33,13.6
1558,17.23,13.83
1558,18.9,12.8
1558,19.57,14
1558,13.5,11.93
1558,16.53,13.53
1558,15.1,13.13
1558,15.6,13.27
1558,16.33,14.53
1558,16.87,15.17
1558,17.17,14.87
1558,16.77,14.47
1558,20,16.77
1558,19.33,17.07
1558,20.13,17.27
1558,20.53,17.77
1558,24.17,18.8
1558,22.03,18.87
1558,23.5,17.97
1558,19.93,17.8
1558,20.73,18.27
1558,23,17.93
1558,23.37,18.6
1558,19.43,16.7
1558,22.07,18.57
1558,23.57,19.27
1558,24.57,19.9
1558,24.73,20.23
1558,25.87,20.6
1558,23.93,19.53
1558,33.4,23.3
1558,27.03,22.43
1558,24.7,22.03
1558,25.07,20.63
1558,25.73,22.13
1558,26.37,22.5
1558,25.53,22
1558,27.8,21.67
1558,23.5,19.7
1558,22.5,19.4
1558,22.3,19.9
1558,26.93,22.4
1558,29.4,23.1
1558,25.93,21.93
1558,27.6,22.77
1558,30.5,22.87
1558,28.2,23.33
1558,28.73,23.47
1558,25.5,22.27
1558,23.77,21.03
1558,26.2,21.9
1558,26.67,23.37
1558,24.07,21.2
1558,23.77,20.1
1558,26.53,20.67
1558,24.6,20.2
1558,25.2,21
1558,24.3,20.17
1558,24.23,21.07
1558,24.67,21.07
1558,26.6,21.1
1558,24.57,21.23
1558,24.83,20.2
1558,24,19.93
1558,22.2,19.4
1558,21.63,19.07
1558,23.5,18.2
1558,25.73,20.5
1558,22.8,18.9
1558,21.6,19.3
1558,19.33,17.23
1558,19.57,17.23
1558,21.23,16.77
1558,18.2,16.3
1558,20.73,16.23
1558,18.1,16.2
1558,19.13,17.17
1558,19.97,16.53
1558,17.73,15.93
1558,21.57,17.1
1558,21.2,19.1
1558,21.27,18.93
1558,23.3,19.97
1558,22.6,19.73
1558,22.7,18.57
1558,22.4,20
1558,22.33,19.2
1558,22.6,20.1
1558,24.1,19.6
1558,21.9,19.5
1558,22.67,19.33
1558,21.13,18.83
1558,22.9,20.27
1558,21.07,18.5
1558,24.33,19.83
1558,24.33,20.6
1558,21.17,18.97
1558,30.07,21.5
1558,21.67,19.37
1558,21.83,19.5
1558,23.93,19.63
1558,20.87,18.67
1558,22.43,20
1558,23.67,20.17
1558,24.33,19.37
1558,22.93,20.37
1558,24.33,20.6
1558,26.17,21.27
1558,25.23,21.87
1558,25.47,21.7
1558,22.97,20.47
1558,24.13,21.63
1558,24.97,21.87
1558,26.13,21.97
1558,24.77,20.4
1558,25.93,23.23
1558,26.63,22.33
1558,25.2,21.87
1558,26.3,22.13
1558,24.87,22.17
1558,24.03,20.37
1558,25.63,21.43
1558,23.97,20.33
1558,24.57,20.63
1558,22.73,19.57
1558,25.77,20.23
1558,22.33,19.93
1558,24.4,20.6
1558,23.1,20.6
1558,22.83,20.33
1558,25.13,20.5
1558,24.47,21.27
1558,28.4,21.47
1558,26.23,21.6
1558,25.17,22.33
1558,26.13,22.13
1558,28.27,22.87
1558,31.43,24.6
1558,31.37,24.2
1558,29.03,25.5
1558,28.8,25.7
1558,28.37,25
1558,31.8,25.37
1558,28.93,24.73
1558,29.67,25.6
1558,29.67,24.4
1558,31.93,25.93
1558,32.17,27.07
1558,33.2,26.63
1558,32.97,27.13
1558,33.27,27
1558,32.37,27
1558,29.5,25.97
1558,28.33,24.87
1558,30.93,24.77
1558,28.67,23.53
1558,30.8,25.43
1558,30.8,24.83
1558,27.83,23.07
1558,27.77,23.97
1558,27.6,23.13
1558,25.93,23.13
1558,25.83,22.5
1558,28.3,24.73
1558,27.4,23.17
1558,26.6,23.13
1558,26.67,23.73
1558,28.6,22.4
1558,27.93,23.3
1558,26.87,23.53
1558,25.47,22.43
1558,24.8,20.73
1558,23.93,21.33
1558,26.13,22.17
1558,27.83,21.83
1558,25.27,20.5
1558,24.17,21
1558,24.7,21.37
1558,25.63,21.8
1558,25.17,21.03
1558,27,21.3
1558,27.87,21.37
1558,24.77,21.03
1558,22.73,19.7
1558,26.23,21.13
1558,24.27,20.9
1558,24.27,20.9
1558,23.53,21.03
1558,24.57,20.7
1558,24.63,21.37
1558,23.73,19.6
1558,25.33,21.1
1558,24.37,20.13
1558,22.8,20.13
1558,22.83,19.93
1558,20.5,18.03
1558,22.53,19.53
1558,24,19.67
1558,22.47,19.87
1558,24.57,19.67
1558,24.8,20.87
1558,24.67,19.9
1558,25.67,22.03
1558,23.43,20.37
1558,24.87,20.67
1558,25.17,20.7
1558,25.63,21.27
1558,24.7,21.33
1558,27.37,22.1
1558,26.63,22.3
1558,25,21.33
1558,29.97,22.27
1558,25.37,21.33
1558,27.97,22.57
1558,29.13,22.3
1558,26.4,21.9
1558,26.83,22.63
1558,24.33,19.97
1558,27,22.13
1558,25.2,21.17
1558,25.33,21.8
1558,26.67,20.73
1558,25.27,21.03
1558,26.9,21.4
1558,28.07,21.57
1558,27.17,22.13
1558,26.37,21.8
1558,25.53,21.2
1558,28.2,22.13
1558,25.5,20.73
1558,29,22.17
1558,29,23.13
1558,29.47,22.33
1558,28.3,23.43
1558,32.97,23.6
1558,28.67,22.8
1558,29.17,24.1
1558,27.4,23.23
1558,28.67,23.07
1558,31.13,24.6
1558,29.4,23.63
1558,26.73,23
1558,27.13,22.1
1558,28.2,21.9
1558,26.6,22.77
1558,28.33,22.63
1558,27.1,21.63
1558,28.6,22.2
1558,27.9,22.6
1558,32.07,22.73
1558,25.93,21.93
1558,28.6,23.37
1558,30.93,23.47
1558,26.4,21.7
1558,29.07,22.87
1558,29.1,23.17
1558,28.73,22.93
1558,27.37,22.47
1558,26.5,22.4
1558,28.77,21.8
1558,27.87,23.13
1558,29.2,22.87
1558,30.27,22.8
1558,26.87,22.2
1558,28.23,23.1
1558,27.83,21.8
1558,25.2,21.13
1558,26.63,22.03
1558,27.73,22.37
1558,27.57,20.4
1558,28.87,22.5
1558,26.63,21.13
1558,29.7,22.6
1558,40,32.27
1558,58,48.83
1558,58.3,45.43
1558,58.97,49.83
1558,54.27,43.33
1558,37.1,30.7
1558,39.37,32.6
1558,36.77,29.07
1558,36,27.17
1558,38.87,30.9
1558,33.97,26.97
1558,32.3,24.97
1558,33.37,24.87
1558,29.4,23.17
1558,29.53,21.6
1558,29.53,22.5
1558,30.03,23.8
1558,34.7,23.87
1558,31.9,22.93
1558,33.93,22.5
1558,32.53,23.73
1558,35.47,25.03
1558,29.8,24.67
1558,30.5,24.27
1558,33.63,24.9
1558,31.97,24.63
1558,40.83,27.57
1558,41.57,29.67
1558,40.6,29.3
1558,40.57,27.97
1558,39.97,29.17
1558,41.2,29.13
1558,37.87,28.07
1558,35.23,26.43
1558,33.1,24.53
1558,35.2,25.6
1558,37.43,26.27
1558,38.2,26.2
1558,33.13,25.07
1558,34.87,25.57
1558,31.97,23.57
1558,36.37,24.23
1558,30.13,22.9
1558,35.93,26.03
1558,36.67,23.37
1558,30.97,23.3
1558,29.33,22.83
1558,33.9,21.77
1558,29.33,22.3
1558,31.13,23.1
1558,28.03,22.03
1558,28.23,20.87
1558,31.2,22
1558,32.03,21.13
1558,27.2,19.8
1558,27.7,18.97
1558,28.4,19.83
1558,28,20.37
1558,29,22.33
1558,34,24.33
1558,28.7,20.87
1558,26.37,20.43
1558,27.77,20.1
1558,25.6,18.03
1558,19.07,15.93
1558,18.23,15.17
1558,19.87,15.53
1558,20.4,16.2
1558,19.8,15.7
1558,18.73,15.77
1558,20.33,15.47
1558,20.43,15.73
1558,17.23,14.57
1558,19.1,15.8
1558,17.87,14.77
1558,16.8,13.43
1558,21.87,16.63
1558,18.27,15.67
1558,18.83,15.17
1558,21.37,15.7
1558,21.57,16.37
1558,19.17,15.47
1558,19.03,15.57
1558,20.27,16.73
1558,20.07,16.57
1558,22.83,16.63
1558,18.13,14.4
1558,18.93,15
1558,17.17,13.8
1558,16.1,13.2
1558,20.7,15.17
1558,17.37,14.27
1558,18.33,14.37
1558,15.77,12.6
1558,20.43,14.8
1558,21.47,15.27
1558,18.53,14.67
1558,17.83,13.63
1558,22.57,15.13
1558,18.5,13.53
1558,18.23,14.23
1558,18.83,14.57
1558,15.87,12.8
1558,13.07,11.53
1558,16.37,12.53
1558,13.73,12
1558,17.17,13
1558,17.5,13.33
1558,14.6,12.43
1558,17.77,13.37
1558,15.03,12.27
1558,16.23,13.3
1558,15.4,12.57
1558,16.97,12.53
1558,14.93,13.37
1558,11.87,10.17
1558,13.43,12.03
1558,13.03,11.37
1558,15.53,13.7
1558,17,13.1
1558,14.97,12.63
1558,14.07,11.4
1558,19.03,13.5
1558,14.13,11.83
1558,12.9,11.53
1558,13.1,11.8
1558,13.43,11.37
1558,15.13,12
1558,14.93,12.7
1558,15.7,14
1558,15.93,13.57
1558,17.93,13.57
1558,20.13,15.33
1558,15.57,13.87
1558,16.7,14.3
1558,18.23,15.03
1558,17.53,13.9
1558,19.53,14.47
1558,15.33,13.63
1558,15.8,13.53
1558,13.9,12.4
1558,13.73,12.27
1558,13.87,12.33
1558,16.3,12.67
1558,17.27,13.17
1558,20.77,14.5
1558,18.8,16.1
1558,15.93,13.97
1558,14.17,12.57
1558,15.3,13.33
1558,13.87,12.47
1558,14.9,13
1558,16.03,13.13
1558,20.27,15.1
1558,16.3,13.63
1558,18.63,14.33
1558,14.53,13.03
1558,13.57,12.17
1558,16.07,13.77
1558,15.97,13.47
1558,17.6,14.1
1558,15.43,12.67
1558,13.83,12.4
1558,13.83,12.27
1558,13.9,12.37
1558,16.13,13.93
1558,16.83,14.6
1558,15.1,13.6
1558,17.07,15
1558,16.17,13.97
1558,19.23,14.93
1558,17.87,15.1
1558,17.77,15.63
1558,16.7,14.83
1558,20.7,17.83
1558,22.07,18.53
1558,19,15.9
1558,20.17,16.8
1558,21.13,16.17
1558,20.83,17.47
1558,20.67,16.43
1558,23.17,17.53
1558,20.1,17.1
1558,20.67,16.47
1558,23.7,16.73
1558,20.57,16.63
1558,21.93,18.1
1558,21.43,15.97
1558,16.93,13.93
1558,20.23,15.83
1558,24.1,17.37
1558,21.2,17.1
1558,22.67,15.73
1558,16.8,14.03
1558,18.43,13.2
1558,19.47,14.83
1558,15.23,13.63
1558,17.73,14.47
1558,21.23,16.77
1558,18.43,14.23
1558,16.57,14.2
1558,16.47,13.37
1558,15.1,13.47
1558,17.97,13.87
1558,18.2,15.57
1558,14.7,12.27
1558,22.53,16.57
1558,16,13.4
1558,16.53,14.83
1558,15.4,12.83
1558,17.07,15.13
1558,20.7,15.6
1558,17.6,14.73
1558,15.93,14.17
1558,17.63,14.93
1558,19.5,16.2
1558,18.4,14.47
1558,20.17,16.13
1558,20.2,17.07
1558,20.77,16.13
1558,18.63,15.73
1558,20.37,15.3
1558,20.1,16.87
1558,21.63,17.93
1558,23.33,19
1558,22.27,18.67
1558,24.53,19.07
1558,25,18.5
1558,26.27,21.13
1558,27.47,21.7
1558,26.03,19.53
1558,22.2,17.77
1558,23.03,18.27
1558,21.13,17.13
1558,21.63,17.43
1558,25.37,19.1
1558,21.63,16.57
1558,24.2,19.27
1558,25.7,18.63
1558,22.03,18.7
1558,24.63,18.77
1558,19.23,16.03
1558,23.03,16.43
1558,19.9,15.93
1558,19.23,15.77
1558,22.5,16.6
1558,23.03,17.77
1558,21.33,17.3
1558,25.2,18.57
1558,23.93,17.33
1558,24.93,17.9
1558,22.17,17.13
1558,22.13,17.73
1558,20.6,16.3
1558,23.6,16.7
1558,22.23,16.23
1558,22.4,17.37
1558,20.97,17.63
1558,24.17,17.13
1558,21.9,17.3
1558,22.63,17.6
1558,20.07,16.27
1558,20.8,16.23
1558,18.43,14.43
1558,19.73,14.93
1558,21.4,16.3
1558,22.53,16.77
1558,21.73,16.27
1558,23.23,16.83
1558,22.27,17.53
1558,32.4,22.57
1558,24,19.07
1558,21.77,17.03
1558,23,17.77
1558,20.63,15.63
1558,19.6,16.43
1558,22.77,17.77
1558,23.8,17.97
1558,28.37,19.5
1558,23.27,18.4
1558,23.4,18.37
1558,27.1,19.2
1558,27.57,20.33
1558,28,19.53
1558,26.17,20.8
1558,26.87,20.27
1558,32.7,23.93
1558,38.2,23.53
1558,34.83,25.1
1558,49.07,30.63
1558,44.1,30.33
1558,43.67,30.63
1558,47.93,33.17
1558,47.47,32.87
1558,50.47,33.83
1558,55.13,36.7
1558,45.8,33.93
1558,43.1,30.1
1558,52,33.7
1558,54.4,38.07
1558,57.3,41.1
1558,59.37,42.4
1558,57.43,42.53
1558,62.63,44.4
1558,53.1,38.47
1558,51.07,35.7
1558,43.7,32.5
1558,47.83,32.63
1558,47.2,33.47
1558,48.87,35.1
1558,46.97,33.93
1558,40.23,31.4
1558,40.3,30.67
1558,47.2,34.23
1558,52.63,34.93
1558,46.77,32.87
1558,60.53,36.23
1558,49.6,33.43
1558,55.67,34
1558,50.8,33.1
1558,46.37,32.1
1558,47.43,32.83
1558,50.67,34.1
1558,49.93,30.77
1558,51.13,32.73
1558,47.4,32.1
1558,54.57,33.8
1558,51.87,32.97
1558,55.2,34.37
1558,62.53,36.6
1558,62.47,37.67
1558,64.43,38.77
1558,59.63,35.87
1558,61.6,36.33
1558,58.17,35.3
1558,54.9,34.9
1558,58.67,35
1558,58.37,36.47
1558,64.13,36.77
1558,62.37,38.57
1558,65.23,38.77
1558,63.1,37.8
1558,57.23,36.07
1558,57.83,35.1
1558,55.17,37.13
1558,54.03,35.5
1558,56.07,37.93
1558,58.53,39.97
1558,62.23,41.73
1558,62.77,45.87
1558,60.1,44.87
1558,63.37,44.57
1558,59.5,43.47
1558,65.9,47.87
1558,55.77,43.37
1558,5.43,4.3
1558,7.4,5.7
1558,6.47,4.67
1558,7.2,4.6
1558,9.97,5.3
1558,4.33,3.93
1558,7,4
1558,6.47,4.47
1558,5.73,4.5
1558,4.9,4.27
1558,4.1,2.77
1558,5.37,3.33
1558,7.47,4.4
1558,6.4,3.73
1558,7.13,5.3
1558,3.5,2.9
1558,4.83,3.77
1558,16.17,10.6
1558,14.13,9.93
1558,13.57,9.43
1558,11.8,9.6
1558,15.5,12
1558,16.47,11.27
1558,19.43,12.17
1558,15.23,10.87
1558,11.5,9.7
1558,16.53,9.5
1558,10.23,8.1
1558,14.87,10.47
1558,12.4,8.07
1558,9,6.17
1558,8.73,5.43
1558,8.4,5.7
1558,6.87,5.57
1558,8.73,6.83
1558,5.5,4.6
1558,5.93,5.13
1558,6.73,4.97
1558,9.07,5.87
1558,11.2,8.37
1558,13.27,10
1558,12.43,8.93
1558,11.83,10.03
1558,10.6,8.1
1558,13.53,9.77
1558,15.17,10.73
1558,9.87,8.13
1558,11.9,8.87
1558,12.87,11.53
1558,14.47,12.97
1558,16.9,12.97
1558,13.27,11.63
1558,13.87,12.13
1558,15.47,11
1558,13.03,10.43
1558,11.17,9.73
1558,13.43,9.3
1558,13.23,9.37
1558,12.27,9.77
1558,13.73,10.87
1558,15.63,11.57
1558,13.73,11.13
1558,13.6,10.5
1558,15.63,13.13
1558,20.7,15.6
1558,15.43,12.53
1558,18.53,14.87
1558,19,14.4
1558,21.17,14.53
1558,22.23,14.6
1558,14.23,11.3
1558,15.97,10.7
1558,12.13,9.9
1558,13.9,10.63
1558,13.13,9.7
1558,12.6,9.97
1558,13.47,10.97
1558,13.53,10.03
1558,14.53,10.43
1558,16.63,10.2
1558,18,11.4
1558,17.27,12.57
1558,17.8,12.5
1558,19.37,13.27
1558,17.63,13.03
1558,19.3,13.63
1558,20.7,15.7
1558,21.07,15.33
1558,21.63,16.83
1558,22.03,14.8
1558,27,19.07
1558,23.27,16.57
1558,19.73,14.1
1558,22.57,16.33
1558,31.6,18.1
1558,25.63,17.9
1558,25.97,15.83
1558,20.43,15
1558,20.3,14.83
1558,23.6,17.27
1558,24.93,16.23
1558,25.6,17.07
1558,21.57,16.3
1558,24.53,17.47
1558,23.7,17.17
1558,27.73,17.6
1558,22.7,16.33
1558,29.33,19.13
1558,23.27,17.37
1558,25.13,17.27
1558,23.2,16.1
1558,26.63,17.43
1558,31.53,21.9
1558,31.63,22.13
1558,26.63,20.5
1558,30.37,22.63
1558,29.07,21.37
1558,27.2,19.43
1558,32.67,22.33
1558,37.73,25.2
1558,33.43,24.2
1558,30.1,22.53
1558,29.43,19.8
1558,24.9,19
1558,26.33,20.33
1558,32.03,20.87
1558,27.3,21.43
1558,26.1,21
1558,28.87,21.57
1558,29.17,21.97
1558,27.23,21.2
1558,28.27,21.73
1558,27.9,22.43
1558,33.67,24.53
1558,29.87,24.33
1558,35.67,25.77
1558,35.6,25.27
1558,39.97,28.77
1558,37.9,25.5
1558,32.97,24.77
1558,36.57,26.2
1558,34.3,24.93
1558,34.63,24.7
1558,36.47,25.97
1558,33.83,26.8
1558,31.8,26.63
1558,32.5,26.6
1558,26.43,23.13
1558,30.07,23.53
1558,24.87,21.07
1558,23.77,20.43
1558,21.93,19.47
1558,21.13,18.87
1558,22.4,19.67
1558,21.77,19.4
1558,24.8,21.4
1558,21.83,19.57
1558,27.1,22.23
1558,21.8,19.6
1558,23.93,21.37
1558,21.7,15.93
1558,22.57,15.63
1558,26.57,19.9
1558,27.97,20.83
1558,27.53,20.27
1558,23.8,18.4
1558,24.67,18.1
1558,21.47,15.77
1558,22,17.77
1558,26.1,18.23
1558,23.8,16.9
1558,23.17,17.43
1558,20.73,14.97
1558,18.57,13.7
1558,17,12.87
1558,18.53,12.87
1558,18.83,13.1
1558,14.07,11.67
1558,14.27,10.5
1558,11.83,10
1558,11.6,9.7
1558,11.57,9.87
1558,11.07,9.67
1558,10.77,9.67
1558,11.13,9.9
1558,11.13,9.7
1558,10.4,9.27
1558,11.2,9.83
1558,12.87,9.43
1558,13.97,9.2
1558,12.57,9.7
1558,11.3,8.77
1558,9.97,9.07
1558,10.03,8.93
1558,10.1,8.53
1558,10.43,9.1
1558,9.37,8.47
1558,9.6,8.6
1558,10.27,9
1558,9.47,8.57
1558,9.37,7.67
1558,9.03,8.13
1558,9.6,8.53
1558,10.13,8.43
1558,8.93,8.03
1558,10.37,8.27
1558,10.03,8.63
1558,11.27,9
1558,11.17,9.4
1558,11.6,10.4
1558,11.2,10.1
1558,12.17,10.97
1558,12.7,10.97
1558,12.73,11.37
1558,15.13,12.43
1558,12.5,10.93
1558,16.33,14.87
1558,14.33,13.03
1558,14.03,12.5
1558,14.3,13
1558,14.03,12.6
1558,14.27,13.03
1558,14.43,13.1
1558,14.37,12.97
1558,15,13
1558,14.57,13.27
1558,15.23,13.7
1558,15.53,14.07
1558,15.27,13.7
1558,16.53,14.93
1558,16.63,15.17
1558,15.27,13.77
1558,12.5,11.3
1558,12.43,10.8
1558,12.7,10.87
1558,13.97,11.13
1558,12.33,10.7
1558,12.33,11.03
1558,12.23,10.9
1558,15.73,13.03
1558,14.13,10.2
1558,12.93,11.3
1558,12.5,10.8
1558,14.2,11.63
1558,14.97,11.5
1558,13.77,11.7
1558,15.37,11.2
1558,12.03,10.27
1558,14.97,10.07
1558,16.3,12.2
1558,15.6,12.63
1558,16.6,12.93
1558,25.07,13.8
1558,20.37,15.73
1558,17.67,14
1558,18.3,14.1
1558,24.3,15.07
1558,20.23,13.93
1558,24.13,16.5
1558,22.53,14.77
1558,26.3,16.97
1558,25.37,18.07
1558,20.17,15.2
1558,17.37,12.77
1558,18.3,13.73
1558,16.1,13.13
1558,25.97,15.5
1558,21.57,17.37
1558,25.13,16.4
1558,23,16.57
1558,23.87,14.5
1558,28.93,16.1
1558,23.57,15.57
1558,19.53,15.33
1558,19.77,14.57
1558,21.1,15.3
1558,17.17,15.1
1558,20.4,15.17
1558,26.7,16.8
1558,22,17.13
1558,22.13,18.1
1558,28,22.2
1558,32.17,25.33
1558,34.23,25.1
1558,33.33,26.63
1558,28.33,22.97
1558,28.33,19.83
1558,23.47,20.63
1558,16.07,14.37
1558,22.3,17.87
1558,20.57,15.9
1558,20.27,15.77
1558,23.9,15.8
1558,16.13,13.33
1558,13.88,12.47
1558,15.5,12.78
1558,16.95,13.58
1558,17.62,13.5
1558,17.02,12.43
1558,22.27,12.4
1558,17.25,12.15
1558,12.7,11.3
1558,11.77,10.57
1558,13.6,10.6
1558,14.3,10.37
1558,14.73,10.57
1558,12.3,9.13
1558,9.67,8.67
1558,17,9.2
1558,12.33,9.3
1558,10.57,7.97
1558,9,8.13
1558,9.43,7.5
1558,8.4,7.5
1558,6.8,6.2
1558,9.2,6.23
1558,8.2,6.6
1558,7.3,6.6
1558,11.83,7.7
1558,11.27,7.43
1558,9.97,6.4
1558,5.97,5.2
1558,5.1,4.6
1558,6.13,4.5
1558,7.7,4.9
1558,5.07,4.27
1558,5.67,4.67
1558,6.3,4.7
1558,5.3,4.8
1558,7.3,4.7
1558,5.17,4.67
1558,6.1,4.43
1558,6.83,4.7
1558,6.7,4.7
1558,7.07,4.93
1558,6.97,4.8
1558,7.37,5.83
1558,6.83,5.13
1558,5.67,4.7
1558,9.07,4.57
1558,6.83,5.93
1558,9.53,5.6
1558,6.47,5.8
1558,6.07,5.4
1558,10.8,5.83
1558,8.4,5.27
1558,8.2,6.2
1558,10.73,6.17
1558,5.83,4.27
1558,6.6,4.5
1558,6.6,4.13
1558,5.5,4.87
1558,6.37,4.4
1558,6.33,4.8
1558,4.4,4
1558,6.53,4.73
1558,7.07,5.1
1558,7.2,4.77
1558,5.9,4.8
1558,5.27,4.1
1558,5.87,4
1558,7.87,5.5
1558,4.3,3.47
1558,4.73,4
1558,4.93,3.8
1558,6.87,5.33
1558,4.8,4.37
1558,12.87,4.7
1558,6.17,5.57
1558,6.8,5.4
1558,8.63,4.97
1558,5,4.37
1558,5.57,4.1
1558,6.9,5
1558,5.97,3.77
1558,4.87,3.63
1558,6.37,4.17
1558,6.3,4.5
1558,8,5.1
1558,5.6,4.53
1558,6.17,4.53
1558,8.47,4.63
1558,6.77,4.37
1558,10.13,4.27
1558,5.37,4.43
1558,4.3,3.83
1558,6.67,3.73
1558,5.17,3.83
1558,6.57,3.57
1558,6.33,4.2
1558,8.07,3.97
1558,4.77,4
1558,5,4
1558,5.77,4.3
1558,9.87,4.4
1558,4.73,4
1558,7.33,4.2
1558,5.3,4.5
1558,5.67,4.73
1558,8.7,5.4
1558,5.27,4.4
1558,5.27,4.57
1558,6.23,4.9
1558,4.9,4.5
1558,5.83,4.8
1558,5.37,4.8
1558,6.17,5.27
1558,5.43,4.93
1558,5.73,5.13
1558,7.07,5
1558,5.37,4.87
1558,5.87,5.3
1558,5.13,4.67
1558,5.6,5.1
1558,5.3,4.9
1558,5.33,4.83
1558,6.7,6.1
1558,6.07,5.4
1558,7.1,5
1558,4.57,4.13
1558,6.43,4.73
1558,5.47,4.97
1558,5.23,3.83
1558,4.7,4.2
1558,3.6,3.3
1558,4.53,4.13
1558,6.77,5.13
1558,4.23,3.93
1558,3.8,3.5
1558,3.2,3
1558,3.2,3
1558,2.9,2.7
1558,4.83,4.3
1558,4.6,4.3
1558,2.67,2.47
1558,4.37,4.03
1558,4.73,4.07
1558,4.53,4.13
1558,5.33,4.83
1558,6.97,6.37
1558,5.77,5.17
1558,7.23,6.5
1558,7.03,6.37
1558,8.53,5.5
1558,6.07,4.7
1558,4.5,3.27
1558,4,3.63
1558,6.6,4.73
1558,6.53,3.97
1558,11.27,5.17
1558,8.87,4.7
1558,5.47,4.27
1558,3.9,3.6
1558,4.87,4.1
1558,4.17,3.2
1558,4.33,3.13
1558,3.23,2.93
1558,3.63,3.33
1558,3.33,3.03
1558,3.33,3.07
1558,3.3,3
1558,4,3.5
1558,6.93,4.37
1558,5.63,4.8
1558,7.2,4.3
1558,5.87,4.93
1558,6.5,4.5
1558,4.6,4.13
1558,5.03,4.63
1558,4.1,3.7
1558,4.93,3.6
1558,6.2,5.6
1558,5.17,4.77
1558,7.3,5.5
1558,6.93,6.23
1558,7.9,7.1
1558,10.77,8.27
1558,14.47,13
1558,11.63,10.43
1558,12.9,11.37
1558,13.57,12.17
1558,15.77,14.13
1558,17.47,15.13
1558,16.5,14.8
1558,17.43,15.03
1558,13.67,12.33
1558,15.4,12.77
1558,13.87,12.47
1558,13.9,12.5
1558,15.13,13.53
1558,15.17,13.57
1558,15.03,13.47
1558,15.47,13.3
1558,16.33,14.6
1558,14.8,13.37
1558,15,13.4
1558,15.1,13.43
1558,15.7,14.07
1558,14.67,13.17
1558,14.73,13.33
1558,15.77,14.13
1558,15.73,13.13
1558,13.33,12.03
1558,21.43,19.3
1558,14.13,12.63
1558,14.47,12.93
1558,16.7,14.9
1558,16.67,14.93
1558,17.3,15.53
1558,17.67,15.9
1558,16.87,15.27
1558,14.73,13.23
1558,13.2,11.8
1558,13.03,11.73
1558,13.63,12.23
1558,16.13,14.37
1558,15.43,13.43
1558,14.37,12.93
1558,14.37,12.87
1558,18.53,14.77
1558,15.77,14.13
1558,16.97,15.17
1558,18.57,16.7
1558,26.5,22.87
1558,20.07,18.07
1558,25.47,22.77
1558,43.33,35.97
1558,32.5,26.2
1558,17.63,15.7
1558,11.9,10.4
1558,11.87,10.77
1558,13.47,12.17
1558,13.43,11.33
1558,11.63,10.53
1558,12.63,11.33
1558,16.2,13.3
1558,13.97,12.47
1558,14.6,12.9
1558,23.1,18
1558,34.8,22.77
1558,54.1,33.23
1558,61.93,38.5
1558,75.87,43.7
1558,82.93,45.83
1558,115.33,59.97
1558,210.37,105.93
1558,59.77,37.07
1558,30.97,24.2
1558,24,19.27
1558,18.7,16.47
1558,17.5,15.63
1558,16.67,14.97
1558,15.77,13.63
1558,15.9,14.4
1558,16.43,13.47
1558,13.77,12.13
1558,13.27,11.63
1558,14.6,13
1558,17.33,14.33
1558,15.93,13.8
1558,17.57,14.57
1558,18.07,15.63
1558,17.6,15.8
1558,19.2,16.3
1558,19.73,16.47
1558,24.47,21.63
1558,20.1,17.7
1558,20.97,18.7
1558,21.3,18.53
1558,18.73,16.73
1558,20.63,17.27
1558,21.6,19.27
1558,22.23,19.7
1558,23.7,18.83
1558,21.6,19.07
1558,24.1,19.53
1558,25.47,20.63
1558,24.3,19.73
1558,26.63,22.37
1558,22.67,20.17
1558,24.3,20.73
1558,23.5,20.03
1558,21.57,18.9
1558,21.87,19.53
1558,22.5,19.43
1558,21.73,18.73
1558,20.53,18.33
1558,19.53,17.43
1558,31.3,27.07
1558,43.43,34.3
1558,40.5,33.53
1558,61.7,44.2
1558,50.03,40.63
1558,49.2,40.73
1558,53.6,43.7
1558,65.23,51.43
1558,81.23,61.27
1558,93.27,74.57
1558,108.6,83.1
1558,97.07,75.27
1558,79.63,62.57
1558,78.93,58.77
1558,64.77,48.87
1558,64.7,49.9
1558,70.97,53.67
1558,70.53,54.2
1558,62.57,47.8
1558,62.93,46.93
1558,54.53,41.73
1558,52.93,41
1558,43.27,37.8
1558,42.2,34.8
1558,44.33,36.7
1558,42.13,34.57
1558,40.07,32.43
1558,44.7,35.93
1558,37.77,29.43
1558,36.77,30.9
1558,43.83,36.2
1558,42.97,33.8
1558,38.63,33.33
1558,38.27,32.8
1558,40.13,33.5
1558,36.73,31.7
1558,40.3,33.87
1558,34.87,29.7
1558,37.13,31.43
1558,33.87,28.6
1558,32.03,27.47
1558,32.53,27.93
1558,33.87,28.33
1558,34.7,28.6
1558,31.4,26.9
1558,32.7,28
1558,33.97,28.23
1558,34.23,29.4
1558,34.4,29.1
1558,32.93,28.03
1558,32.53,27.3
1558,34.7,28.07
1558,33.17,28.2
1558,32.73,27.47
1558,29.27,25.37
1558,30.07,25.53
1558,30.4,24.83
1558,30.13,24.8
1558,32.77,26.23
1558,32.57,25.47
1558,29.8,23
1558,29.53,22.23
1558,25.77,21.23
1558,24.33,19.87
1558,22.1,19.17
1558,23.33,18.9
1558,22.87,17.9
1558,18.63,16.63
1558,18.6,16.6
1558,19,16.53
1558,20.3,15.97
1558,15.8,13.9
1558,18.4,14.33
1558,14.8,12.87
1558,12.63,11.43
1558,14.4,11.83
1558,10.3,9
1558,9.87,8.87
1558,9.33,8.2
1558,10.3,8.93
1558,10.07,9
1558,11.73,10.53
1558,12,10.77
1558,11.87,10.23
1558,11.83,10.3
1558,10.5,9.4
1558,14.43,12.93
1558,13.03,11.67
1558,17.1,15.37
1558,24.03,21.6
1558,33.17,29.97
1558,24.73,22.23
1558,19.97,18.07
1558,14.97,13.47
1558,12.23,10.7
1558,11.17,9.83
1558,11.23,10.1
1558,10.5,9.5
1558,11.27,9.57
1558,11.27,10.03
1558,21,19.03
1558,17.83,16.17
1558,17.1,15.4
1558,16.1,14.5
1558,16.73,15.13
1558,19.47,17.57
1558,16.93,15.4
1558,12.4,11
1558,10.8,9.7
1558,11.43,10.23
1558,11.43,10.23
1558,11.47,10.27
1558,10.8,9.4
1558,10.37,9.3
1558,10.57,9.33
1558,11.17,9.37
1558,9.6,8.57
1558,9.67,8.7
1558,9.37,8.47
1558,9.27,8.33
1558,9.4,8.5
1558,8.9,8
1558,10.2,8.9
1558,9.77,8.77
1558,10.4,9.1
1558,8.7,7.9
1558,12.7,11.4
1558,15.8,14.3
1558,16.73,15.07
1558,17.13,15.53
1558,17.07,15.47
1558,15.53,14.03
1558,14.93,13.4
1558,14.97,13.47
1558,15.5,13.9
1558,15,13.5
1558,16.93,15.27
1558,16.17,14.47
1558,15.9,14.2
1558,16.67,14.97
1558,15.53,13.07
1558,15,13.5
1558,15.77,13.2
1558,14.3,12.9
1558,15.73,14.07
1558,14,12.53
1558,14.53,12.67
1558,12.77,11.47
1558,12.23,11
1558,12.2,10.9
1558,11.7,10.53
1558,12.3,11.1
1558,11.93,10.73
1558,11.27,10.17
1558,11.47,10.1
1558,10.67,9.6
1558,11.1,10
1558,10.37,9.33
1558,11.67,9.9
1558,10.27,9.27
1558,11.47,10.27
1558,10.53,9.53
1558,10.97,9.87
1558,10.13,9.07
1558,10.4,9.4
1558,9.7,8.7
1558,9.4,8.4
1558,10.87,9.77
1558,9.57,8.57
1558,9.63,8.63
1558,9.9,8.43
1558,10.2,9.2
1558,10.63,9.53
1558,10.27,9.03
1558,10.67,9.63
1558,11.23,10.17
1558,10.97,9.97
1558,11.27,10
1558,12.13,10.8
1558,11.7,10.6
1558,12.47,11.17
1558,10.53,9.47
1558,11.7,10.6
1558,11.87,10.67
1558,11.17,10.07
1558,11.3,10.2
1558,11.03,9.93
1558,11.4,10.3
1558,11.07,9.97
1558,9.8,8.9
1558,11.03,9.93
1558,10.17,8.9
1558,11.33,9.63
1558,11.37,9.7
1558,12.2,11
1558,11.3,10.2
1558,11.93,10.73
1558,13.5,9.97
1558,10.97,9.93
1558,11.3,10.2
1558,10.27,9.27
1558,11.37,10.17
1558,11.17,10.03
1558,10.8,9.7
1558,12.87,10.9
1558,11.97,10.1
1558,12.3,11.07
1558,11.43,10.23
1558,11.1,10.03
1558,12.07,10.77
1558,11.73,10.57
1558,13.23,11.93
1558,14.23,12.73
1558,13.4,12
1558,14.1,11.97
1558,14.07,12.03
1558,14.87,13.3
1558,16.4,14.63
1558,14.4,12.93
1558,13.97,12.47
1558,14.1,12.57
1558,14.93,13.1
1558,17.67,13.53
1558,16.73,14.9
1558,15.33,13.7
1558,14.83,12.6
1558,16.67,14.8
1558,16.13,14.43
1558,16.93,14.53
1558,16.93,15.23
1558,16.37,13.63
1558,17.57,14.17
1558,16.27,14.1
1558,16.6,14.2
1558,15.47,13.77
1558,15.03,13.43
1558,16.17,13.8
1558,15.37,13.77
1558,16,14.3
1558,17.3,15
1558,16.6,14.3
1558,17,15
1558,16.17,14.47
1558,15.37,13.83
1558,16.53,14.7
1558,15.93,14.23
1558,16.13,14.43
1558,15.9,14.2
1558,16.43,14.73
1558,18.47,14.33
1558,16.8,14.53
1558,17.77,14.73
1558,16.93,15.13
1558,19.47,15.6
1558,16.13,14.37
1558,17.77,15.1
1558,16.57,14.83
1558,16.97,15.1
1558,19.83,17.13
1558,17.83,15.53
1558,16.17,14.23
1558,18.23,15.07
1558,16.97,15.1
1558,16.33,14.23
1558,15.9,14.1
1558,21.13,15.43
1558,18.9,15.23
1558,17.6,14.33
1558,16.47,14.43
1558,16.23,14
1558,16.1,13.7
1558,16.67,13.5
1558,20.17,14.67
1558,22.13,14.13
1558,17.33,13.3
1558,18.07,14.7
1558,17.13,14.67
1558,16.67,13
1558,15.47,13.67
1558,15.53,13.67
1558,18.9,15.63
1558,18.63,15.6
1558,15.3,13.73
1558,17,15.2
1558,16.63,14.43
1558,16.73,14.5
1558,20.37,14.93
1558,16.17,13.1
1558,14.53,12.33
1558,17.43,13.53
1558,15.37,13.57
1558,15.17,13.1
1558,15.17,12.6
1558,17.13,12.83
1558,15.57,13.47
1558,16.67,14.03
1558,15.7,13.1
1558,17,14.57
1558,15.43,13.43
1558,14.27,12.73
1558,14.57,13.07
1558,14.7,12.4
1558,13.17,11.77
1558,16.83,11.9
1558,12.57,10
1558,14.03,10.7
1558,14.6,10.9
1558,10.67,9.1
1558,12.07,9.77
1558,11.8,10.2
1558,14.07,10.3
1558,10.2,9.07
1558,10.67,8.8
1558,10.87,8.83
1558,11,8.17
1558,11.13,8.57
1558,8.3,7.47
1558,13.63,9.6
1558,10.93,9.27
1558,10.07,9.07
1558,10.97,9.87
1558,9.67,8.73
1558,8.8,8.1
1558,10.5,8.9
1558,10.5,9.5
1558,14.73,9.8
1558,8,7.27
1558,12.8,8.37
1558,7.67,6.97
1558,8.1,7.3
1558,10.17,8.57
1558,8.7,7.9
1558,9.5,7.63
1558,8.57,7
1558,6.7,6.13
1558,8.4,6.03
1558,10.77,6.13
1558,8.27,7.53
1558,10.1,7.93
1558,7.9,6.4
1558,6.03,5.53
1558,6.53,5.9
1558,8.07,6.73
1558,11.1,6.8
1558,8.93,7.5
1558,10.57,7.13
1558,10.87,7.13
1558,8.47,6
1558,6.17,5.27
1558,6.8,5.77
1558,9.27,5.37
1558,6.4,4.57
1558,3.9,3.6
1558,7.67,5.37
1558,8.67,6
1558,6.17,5.57
1558,7.93,5.23
1558,7.53,5
1558,15.47,8.2
1558,8.93,5.3
1558,5.1,4.07
1558,10.9,6.2
1558,4.03,3.63
1558,5.3,4.37
1558,6.7,5.93
1558,8.53,5.03
1558,6.07,4.17
1558,5.07,4.2
1558,8.1,6.6
1558,4.2,3.8
1558,6.4,5.43
1558,5.2,3.6
1558,5.27,4.03
1558,3.07,2.77
1558,4.83,3.6
1558,3.03,2.63
1558,5.8,3.97
1558,4.73,4
1558,5.2,4.5
1558,4.5,3.83
1558,5.87,4.5
1558,6.9,5.4
1558,5.67,5.07
1558,4.43,3.4
1558,4.73,3.43
1558,3.4,3.1
1558,6.1,4.03
1558,4.07,3.67
1558,5.67,4.43
1558,5.2,4.53
1558,4.37,3.8
1558,6.1,5
1558,5.8,5.03
1558,5.73,4.73
1558,4.5,4.1
1558,6.87,4.8
1558,5.9,4.97
1558,8.5,6.47
1558,11.6,5.63
1558,2.83,2.23
1558,2.8,2.4
1558,3.37,2.63
1558,2.77,2.57
1558,2.2,2
1558,4.43,3.7
1558,4,2.93
1558,2.97,2.1
1558,1.7,1.5
1558,5.1,2.03
1558,3.47,1.9
1558,3.2,2.2
1558,1.97,1.23
1558,10.27,6.43
1558,5.93,2.83
1558,2.47,1.7
1558,5.9,3.7
1558,3.93,2.23
1558,3.4,3.1
1558,2.23,2.03
1558,2.7,2.5
1558,40.93,4.7
1558,3.03,1.83
1558,12.13,3.4
1558,3.57,1.93
1558,4.1,3.7
1558,3.53,2.23
1558,8.33,4.73
1558,3.53,2.2
1558,3.43,2.7
1558,2.63,2.07
1558,4.17,3.77
1558,4.6,4.2
1558,6.57,4.8
1558,2.9,2.6
1558,5.07,4.1
1558,4.6,4.13
1558,4.53,4.1
1558,3.77,3.3
1558,6.7,5.1
1558,5.63,3.5
1558,4.37,3
1558,4.63,4
1558,3.9,3.57
1558,5.5,4.43
1558,3.5,3.2
1558,3.27,2.83
1558,6.2,3.8
1558,6.57,4.77
1558,3.1,2.4
1558,4.93,3.33
1558,6.17,4.77
1558,10.6,8.33
1558,13.03,7.37
1558,3.9,2.8
1558,5,2.93
1558,3.77,2.7
1558,5.8,3.5
1558,5.73,3.77
1558,2.83,2.2
1558,7.87,3.6
1558,4.23,2.9
1558,2.63,2.23
1558,3.57,2.57
1558,6.8,2.97
1558,7.43,4
1558,6.2,4.87
1558,3.37,2.2
1558,4.27,2.37
1558,5.43,2.8
1558,6.73,3.23
1558,3.2,2.9
1558,5.47,4.9
1558,3.13,2.13
1558,5,2.5
1558,2.7,2.3
1558,8.33,4.87
1558,4.7,3
1558,7.33,2
1558,2.97,2
1558,1.9,1.6
1558,6.07,3.5
1558,2.57,2.37
1558,9.67,3.7
1558,3.17,2.5
1558,3.63,2.9
1558,3.17,2.07
1558,3.37,2.1
1558,2.67,2.47
1558,2.53,2.33
1558,4.3,2.8
1558,8.3,3.9
1558,5.1,3.5
1558,4.73,3.6
1558,6.03,4.1
1558,5.4,3.6
1558,5.1,3.67
1558,5.17,3.47
1558,4.93,3.4
1558,5.73,3.77
1558,4.67,3.4
1558,6.03,4
1558,6.1,4.4
1558,4.93,3.2
1558,5,3.83
1558,8.53,4.53
1558,5.9,3.6
1558,4.4,4
1558,4.37,3.8
1558,4.93,4.3
1558,5.5,4.2
1558,4.83,4.27
1558,5.67,4.73
1558,5.47,4.43
1558,12.17,6.93
1558,6.27,4.53
1558,5.13,3.83
1558,13,8.53
1558,6.27,3.63
1558,4.13,3.63
1558,8.17,4.1
1558,5.73,3.1
1558,5.83,3.3
1558,4.13,2.87
1558,8.73,5.4
1558,5.23,3.8
1558,4.67,3.83
1558,6.73,4.93
1558,5.47,4.47
1558,7.63,5.4
1558,5.8,4.83
1558,5.77,4.67
1558,8.83,6.1
1558,7.9,6.73
1558,8.57,5.9
1558,6.87,5.67
1558,5.9,5
1558,7.33,5.27
1558,7.93,5
1558,7.67,5.23
1558,7.4,5.2
1558,6.63,5
1558,6.53,5.2
1558,11.43,7.53
1558,6.53,4.8
1558,6.53,5.8
1558,6.4,5.17
1558,6.87,5.37
1558,6.1,5.5
1558,6.57,5.57
1558,7.87,5.4
1558,6.8,6.1
1558,10.87,5.8
1558,7.1,5.5
1558,6.03,5.1
1558,5.67,5.13
1558,6.33,5.73
1558,5.93,5.2
1558,7,4.7
1558,6.3,4.87
1558,5.83,4.47
1558,6.27,4.5
1558,5.2,4.47
1558,6.87,4.9
1558,6.13,5
1558,5.8,3.83
1558,7.43,5.23
1558,4,3.6
1558,6.63,5.23
1558,7.37,5.47
1558,7.5,6.37
1558,9.7,6.27
1558,12.37,7.67
1558,9.73,7.1
1558,5.97,5.1
1558,4.63,3.9
1558,5.1,4.53
1558,7.7,5.07
1558,6.8,5.33
1558,7.23,6.3
1558,9.3,6.27
1558,9.1,7.2
1558,8.7,5.63
1558,10.73,7.57
1558,12.67,7.9
1558,7.63,6.83
1558,8.67,6.47
1558,6.9,5.97
1558,7.77,5.8
1558,9.57,8.63
1558,9.13,8
1558,8.63,7.83
1558,9.03,8.13
1558,9.3,8.4
1558,9.43,8.47
1558,8.73,7.93
1558,9.07,8.2
1558,8.2,7.5
1558,8.93,8.03
1558,9.73,8.83
1558,9.2,8.4
1558,10.5,9.57
1558,10.9,9.83
1558,10.4,9.53
1558,10.8,9.8
1558,11.8,10.7
1558,11.83,10.63
1558,9.77,8.17
1558,9.77,7.57
1558,8.1,6.37
1558,8.2,5.8
1558,7.4,4.87
1558,6,4.5
1558,5.5,4.43
1558,5.23,4.4
1558,4.97,3.97
1558,4.33,3.9
1558,5.77,4.4
1558,5.1,4.13
1558,6.5,4.8
1558,7.07,5.63
1558,8.07,5.87
1558,7.23,5.37
1558,7.9,4.9
1558,6.07,4.9
1558,7.43,5.87
1558,7.27,6
1558,6.17,5.17
1558,6.1,4.97
1558,5.97,5.3
1558,5.6,4.9
1558,7,5.93
1558,6.43,5.7
1558,5.4,4.9
1558,5.83,5
1558,5.43,4.73
1558,7.47,5.37
1558,6.83,5.9
1558,6.47,5.13
1558,6.07,4.93
1558,8.5,7.7
1558,8.37,7.57
1558,8.27,7.57
1558,8.8,8.1
1558,9.07,8.47
1558,9.07,8.47
1558,10,9.2
1558,9.5,8.8
1558,10.83,10
1558,9.53,8.7
1558,10.3,9.6
1558,9.2,8.6
1558,9.47,8.67
1558,9.87,9.07
1558,10.5,9.7
1558,10.77,10.07
1558,9.97,9.33
1558,8.8,8.2
1558,9.63,8.93
1558,5.8,4.67
1558,4.97,4.2
1558,5.67,4.67
1558,4.5,4.1
1558,6.27,3.9
1558,4.53,3.83
1558,5.77,3.9
1558,4.3,3.6
1558,3.63,3.33
1558,6.03,5.2
1558,3.8,3.47
1558,3.83,3.5
1558,4.3,3.87
1558,3.9,3.4
1558,4.83,3.23
1558,3.47,3.17
1558,3.73,2.9
1558,3.87,3.07
1558,3.27,2.97
1558,3.37,3.07
1558,3.57,3.27
1558,2.8,2.57
1558,2.67,2.47
1558,3.4,3.1
1558,3.4,3.1
1558,3.6,2.83
1558,3.5,3.2
1558,2.93,2.63
1558,3.1,2.8
1558,3.3,3
1558,3.43,3.13
1558,3.3,3
1558,4.57,3.4
1558,4.07,2.9
1558,3.5,3.2
1558,4.03,3.63
1558,3.6,3.3
1558,3.27,2.93
1558,3.5,3.2
1558,3.7,3.2
1558,4.43,3.1
1558,4.33,3.33
1558,3.53,3.2
1558,3.6,3.3
1558,3.3,3
1558,3.33,2.9
1558,3,2.7
1558,3.43,2.6
1558,2.63,2.43
1558,3.07,2.77
1558,4.03,3.1
1558,2.83,2.63
1558,3.2,2.9
1558,3.07,2.77
1558,3.9,3.1
1558,3.23,2.87
1558,3.07,2.57
1558,5.9,5.5
1558,5.1,4.73
1558,4.8,4.5
1558,4.77,4.47
1558,4.6,4.3
1558,5.4,5
1558,4.77,4.4
1558,5.33,4.83
1558,5.73,5.23
1558,5.5,5.1
1558,5.13,4.73
1558,5.23,4.93
1558,5.17,4.77
1558,4.7,4.4
1558,4.4,4.1
1558,4.07,3.77
1558,3.23,2.93
1558,3.27,2.7
1558,4.1,2.8
1558,3.6,3.2
1558,2.83,2.6
1558,4.2,2.87
1558,4.2,3.17
1558,5.8,3.5
1558,4.6,3.47
1558,4.47,3
1558,3.13,2.6
1558,3.3,3
1558,3.47,3.03
1558,3.33,3.03
1558,3.53,3.23
1558,3.3,3
1558,3.73,3.27
1558,3.5,3.2
1558,3.1,2.8
1558,3.2,2.9
1558,3.73,3
1558,3.4,3.1
1558,3.2,2.9
1558,4.5,4.1
1558,3.77,3.33
1558,3.87,3.2
1558,3.2,2.9
1558,3.2,2.9
1558,3.13,2.9
1558,3.17,2.87
1558,3.4,3.1
1558,4.73,3.27
1558,4.37,3.97
1558,4.23,3.83
1558,3.93,3.53
1558,3.63,3.33
1558,3.83,3.43
1558,6.93,4.67
1558,4.8,4.23
1558,4.73,4.23
1558,4.67,4
1558,4.8,4.3
1558,6.8,4.87
1558,6.77,5.03
1558,4.97,4.2
1558,4.4,3.7
1558,3.7,3.2
1558,6.23,4.47
1558,4.6,3.83
1558,5.7,5.1
1558,6.9,6
1558,9.77,7.4
1558,7.27,6.07
1558,8.5,6.17
1558,7.1,6.07
1558,8.43,6.5
1558,8.47,6.6
1558,7.93,6.37
1558,6.27,4.67
1558,6.93,5.7
1558,6.83,5.13
1558,8.23,5.9
1558,4.8,4.2
1558,5.73,4.3
1558,5.33,4.33
1558,5.93,4.3
1558,6,4.27
1558,6.2,4.17
1558,4.37,3.77
1558,5.4,3.4
1558,4.83,3.4
1558,3.5,3.2
1558,2.97,2.7
1558,2.93,2.5
1558,2.7,2.5
1558,3,2.7
1558,3.1,2.87
1558,3.63,2.8
1558,5.13,3.2
1558,3.3,2.17
1558,2.5,2.3
1558,2.63,2.1
1558,2,1.8
1558,13.67,11.47
1558,3.67,3.1
1558,4.47,3.3
1558,4.67,3.1
1558,3.1,2.73
1558,4.13,3
1558,2.83,2.63
1558,3.83,2.9
1558,5.03,2.8
1558,3.47,3.17
1558,3.37,3
1558,4.4,2.5
1558,3.57,2.53
1558,2.7,2.5
1558,2.4,2.2
1558,3.07,2.77
1558,3.2,3
1558,2.8,2.6
1558,3.3,3
1558,3.7,3.27
1558,2.87,2.4
1558,4.07,3.5
1558,5.58,3.7
1558,2.7,2.5
1558,3.72,2.5
1558,2.42,2.22
1558,3.9,3.5
1558,3.42,3.08
1558,2.58,2.37
1558,3.77,3.2
1558,5.17,2.97
1558,3.27,3.07
1558,4.97,3.6
1558,4.43,3.33
1558,3.5,3.2
1558,3.63,3.33
1558,5.17,3.6
1558,5.23,4.73
1558,8.5,6.3
1558,11.3,8.27
1558,3.83,2.93
1558,3.03,2
1558,3.57,2.3
1558,6.27,2.7
1558,2.5,2.3
1558,3.1,2.8
1558,2.47,2.27
1558,6.9,3.17
1558,2.4,1.8
1558,3.33,1.4
1558,3.1,1.8
1558,2.5,1.8
1558,5.03,1.8
1558,2.53,2.27
1558,2.53,2.03
1558,2.83,1.3
1558,2.3,1.4
1558,5,1.6
1558,1.6,1.5
1558,1.6,1.2
1558,2.4,1.53
1558,4.17,1.6
1558,5.13,2.5
1558,2.13,1.2
1558,2.07,1.87
1558,1.7,1.17
1558,2.1,1.17
1558,4,1.6
1558,2.9,2.3
1558,1.6,1.3
1558,1.43,1.1
1558,5.37,1.6
1558,3.83,1.7
1558,2.33,1.57
1558,4.1,1.5
1558,2.9,1.9
1558,2.33,1.67
1558,4.87,2.87
1558,4.8,1.8
1558,2.33,1.3
1558,3.03,2
1558,2.47,1.9
1558,4.5,2.43
1558,1.6,1
1558,1.5,1.4
1558,1.5,1.4
1558,1.53,1.43
1558,3.47,1.83
1558,3.03,1.57
1558,1.2,1.1
1558,1.07,0.93
1558,2.43,1.8
1558,2.77,1.1
1558,1.1,1
1558,1.6,1.2
1558,2.73,1.37
1558,2.1,1.43
1558,2.83,1.4
1558,2.17,1.4
1558,7.97,2.1
1558,1.7,1.1
1558,3.67,1.6
1558,3.07,1.3
1558,1.37,1.27
1558,2.63,1.63
1558,2.17,1.1
1558,1.03,1
1558,0.9,0.9
1558,1.17,1.07
1558,1.77,1.03
1558,2.1,1.27
1558,1.5,1.2
1558,4.33,1.33
1558,1.4,1.3
1558,1.4,1.3
1558,1.3,1
1558,1.7,1
1558,1.07,1
1558,4.33,1.3
1558,2.7,1.23
1558,1.93,1.47
1558,3.2,1.2
1558,3.33,1.57
1558,1.3,1.2
1558,6.33,3.33
1558,2.4,1.7
1558,3.17,1.73
1558,1.2,1.1
1558,10.2,4.5
1558,2.4,2.2
1558,1.67,1.47
1558,4.17,3.67
1558,1.2,1.1
1558,1.6,1.5
1558,1.4,1.3
1558,2.33,2.13
1558,137.27,73.87
1558,2.05,1.87
1558,2.55,1.5
1558,2.77,1.7
1558,10.53,3.92
1558,1.62,1.52
1558,3.2,2.27
1558,2.42,2.22
1558,2.2,2.05
1558,3.17,2.05
1558,3.72,2.35
1558,5.03,3.27
1558,2,1.72
1558,6.08,2.47
1558,10.78,5.55
1558,4.22,3.7
1558,1.85,1.75
1558,5.12,2.6
1558,4.3,1.95
1558,3.67,2.5
1558,2.8,2.22
1558,2.15,1.98
1558,3,2.02
1558,9.4,6.62
1558,3.4,3.1
1558,6,5.22
1558,6.25,3.92
1558,5.42,3.72
1558,7.75,5.03
1558,3.2,1.9
1558,2.83,2.22
1558,2.8,2.1
1558,4.72,3.92
1558,2.65,1.35
1558,3.62,2.85
1558,1.77,1.65
1558,3.63,3.3
1558,6.3,3.5
1558,1.43,1.33
1558,2.63,2.23
1558,3.7,3
1558,1.4,1.3
1558,2.57,1.63
1558,3.03,2
1558,4.27,3.63
1558,4.97,3.9
1558,7.5,6.5
1558,5.03,3.4
1558,7.77,6.33
1558,4.53,3.77
1558,3.53,3.23
1558,2.63,1.9
1558,2.13,1.93
1558,2.1,1.83
1558,1.93,1.8
1558,1.7,1.6
1558,2.93,2.1
1558,5.47,4.47
1558,13.47,9.9
1558,17.93,13.43
1558,27.07,18.1
1558,17.47,14.9
1558,18.87,14.53
1558,15,12.2
1558,16.13,12.27
1558,8.6,7.63
1558,7.8,6.7
1558,11.17,9.1
1558,8.23,7.4
1558,7.9,6.53
1558,4.67,4.1
1558,3.07,2.77
1558,2.47,2.2
1558,3.23,2.33
1558,3.03,2.6
1558,3.1,1.9
1558,2.73,2.53
1558,2.83,1.93
1558,2.8,1.9
1558,2.07,1.8
1558,3.2,1.97
1558,1.77,1.67
1558,6.13,2.77
1558,3.37,3.07
1558,6.5,5.43
1558,3.37,2.57
1558,2.43,2.23
1558,5.37,2.6
1558,5,2.93
1558,2.07,1.9
1558,1.7,1.6
1558,2.8,2.6
1558,2.8,2.43
1558,3.57,2.37
1558,5.67,2.77
1558,3.4,2.5
1558,3.4,3
1558,3.23,2.53
1558,3.93,2.8
1558,3.4,2.73
1558,3,2.7
1558,4.67,3.8
1558,3.13,2.67
1558,3.7,2.7
1558,2.63,2.2
1558,2.73,2.23
1558,3.2,1.97
1558,3,2.1
1558,6.33,3.8
1558,3.33,3.03
1558,2.67,2.3
1558,3.87,3.4
1558,3.67,2.17
1558,2.9,2.6
1558,5.33,2.17
1558,2.63,2.43
1558,2.4,2.2
1558,3.7,2.3
1558,5.4,2.67
1558,4.1,2.87
1558,3,2.4
1558,2.37,2.17
1558,2.97,2.67
1558,4.2,3.23
1558,4.6,3.3
1558,3.43,2.9
1558,5,3.97
1558,4.33,3.07
1558,2.4,2.2
1558,6.8,5.33
1558,3.67,3.2
1558,3.53,2.53
1558,2.7,2.5
1558,3.5,2.9
1558,3,2.7
1558,4.73,3.03
1558,4.57,3.57
1558,3.47,3.07
1558,3.83,2.97
1558,5.07,4.33
1558,6.57,3.6
1558,3.03,2.57
1558,3,2.7
1558,5.5,4.83
1558,15.87,6.27
1558,4.37,3.7
1558,6.77,5.7
1558,8.23,5.6
1558,8.17,4.4
1558,4.07,3.3
1558,3.17,2.9
1558,6.03,3.87
1558,4.9,3.5
1558,4.93,3.53
1558,3.6,2.67
1558,10.8,6.17
1558,8.57,6.07
1558,5.27,2.97
1558,2.87,2.17
1558,4.27,2.3
1558,4.27,3.7
1558,7.2,4.73
1558,8.37,5.23
1558,6.73,5.27
1558,7.3,5.2
1558,7.97,5.33
1558,7.27,5.93
1558,4.9,4.4
1558,8.3,6.33
1558,10.3,6.17
1558,8.7,4.77
1558,4.63,3.6
1558,2.57,2.37
1558,3.87,2.7
1558,5.2,3.5
1558,6.93,4.97
1558,4.97,3.4
1558,5.27,3.9
1558,5.2,3.7
1558,4.33,3.7
1558,4.73,3.73
1558,6.67,4.2
1558,4,3.2
1558,3.97,3.2
1558,4.03,3.63
1558,4.3,3.2
1558,3.7,2.67
1558,5.6,3
1558,4.3,3.7
1558,4.23,3.83
1558,3.03,2.67
1558,2.47,2.27
1558,2.47,2.13
1558,3.87,2.57
1558,2.3,2.1
1558,2.27,2.07
1558,7.4,2.5
1558,3.7,2.07
1558,2.77,2.13
1558,2.57,2.33
1558,2.2,1.97
1558,2.7,2.2
1558,4.93,3.7
1558,3.07,2.57
1558,3.37,3.07
1558,2.6,2.4
1558,3.03,2.73
1558,2.2,2
1558,2.8,2.53
1558,2.13,2
1558,5,3.5
1558,5.5,3.07
1558,3.07,2.77
1558,2.77,2.5
1558,2.73,2.53
1558,2.5,2.3
1558,2.47,2.27
1558,2.4,2.2
1558,3.87,3.07
1558,2.6,2.4
1558,2.43,2.23
1558,2.7,2.4
1558,2.3,2.1
1558,3.8,2.43
1558,4.73,3.57
1558,5.9,4.07
1558,4.3,3.67
1558,6,4.47
1558,5.17,4.13
1558,7.63,5.5
1558,10.07,6.37
1558,7.73,5.9
1558,7.53,5.13
1558,6.2,4.77
1558,6.63,4.7
1558,6.6,4.83
1558,6.73,4.37
1558,4.43,4.03
1558,4.83,3.7
1558,5.17,3.97
1558,4.6,3.87
1558,4.6,4.2
1558,3.87,3.5
1558,4.63,4.17
1558,5.43,4.1
1558,5.9,4.17
1558,4.63,4.2
1558,5.3,3.83
1558,5.03,3.97
1558,4.6,4
1558,7.1,3.77
1558,5.07,3.97
1558,3.67,3.3
1558,4.43,3.17
1558,4.1,3.7
1558,4.93,3.77
1558,3.53,3.2
1558,4.2,3.8
1558,4.8,4.2
1558,4.4,4
1558,4.37,3.97
1558,5.07,4.47
1558,4.87,4.23
1558,4.6,3.97
1558,5.07,4
1558,4.73,3.87
1558,4.37,3.97
1558,5.67,3.73
1558,4.07,3.67
1558,4.23,3.77
1558,3.67,3.2
1558,3.5,3.1
1558,2.9,2.7
1558,3.43,3.13
1558,4.6,3.1
1558,4.3,3.3
1558,4.33,3.6
1558,4,3.6
1558,3.03,2.8
1558,4.43,3.4
1558,5,4.47
1558,3.7,3.4
1558,5.37,3.93
1558,3.6,3.3
1558,2.67,2.47
1558,3.43,3.03
1558,3.2,2.9
1558,4.13,2.93
1558,3.4,3.1
1558,3.8,3.1
1558,4,3
1558,3.43,3.03
1558,4.67,3.83
1558,3.53,3
1558,3.3,3
1558,3.63,3.33
1558,3.2,2.9
1558,3,2.7
1558,3.93,3.1
1558,3.4,2.77
1558,3.27,2.9
1558,3.3,3
1558,3.7,3.3
1558,4.37,3.4
1558,3.43,3.13
1558,3.87,3.43
1558,2.97,2.7
1558,3,2.8
1558,3.47,3
1558,4.4,2.93
1558,5.03,3.27
1558,3.63,3.33
1558,3.3,3
1558,3.63,3.1
1558,3.23,2.93
1558,4,3.6
1558,4.73,3.6
1558,5.97,4.07
1558,4.53,4.13
1558,4.93,4.43
1558,6.23,4.5
1558,4.87,4.3
1558,6.17,4.93
1558,4.77,4.37
1558,5.23,4.73
1558,7.17,5.2
1558,4.73,4.33
1558,5.13,4.63
1558,5.43,4.93
1558,5.83,4.93
1558,6.47,5.6
1558,7.8,4.9
1558,5.47,4.53
1558,6.43,5.53
1558,4.9,4.4
1558,5.53,4.4
1558,4.2,3.8
1558,4.27,3.87
1558,4.53,4.1
1558,4.6,4.2
1558,5.23,4.1
1558,4.57,4.13
1558,5.23,3.87
1558,4.83,4.2
1558,3.9,3.5
1558,4.2,3.8
1558,5.6,4.93
1558,5.57,5.07
1558,5.87,5
1558,5.63,4.9
1558,6.23,5
1558,6.6,5.5
1558,5.2,4.7
1558,5.8,5.3
1558,5.9,5.4
1558,5.9,5.4
1558,6.1,5.6
1558,6.8,6.2
1558,6,5.5
1558,6.07,5.57
1558,6.77,5.6
1558,6.37,5.77
1558,5.57,4.47
1558,4.6,4.2
1558,6.87,4.93
1558,5.6,5.1
1558,5.53,4.83
1558,7.9,5.27
1558,5.9,5.17
1558,6.8,6.07
1558,5.43,4.63
1558,5.53,4.9
1558,5.5,4.93
1558,6.43,5.23
1558,7.1,5.9
1558,7.77,5.17
1558,6.3,5.17
1558,7.33,4.97
1558,5,4.5
1558,7.17,5.6
1558,6.8,6.1
1558,10.4,6.5
1558,8.4,6.5
1558,8.87,6.97
1558,9,7
1558,8.27,7.1
1558,8.6,6.43
1558,7.37,6.43
1558,7.03,6.03
1558,8.43,6.27
1558,8.6,6.67
1558,8.2,6.83
1558,8.6,7.3
1558,9.3,7.17
1558,9.33,7.63
1558,10.67,7.87
1558,9.97,6.1
1558,10.47,7.8
1558,10.13,6.6
1558,8.3,7.3
1558,8.8,7.9
1558,10.7,6.53
1558,7,6.3
1558,7.73,6.8
1558,8.17,7.2
1558,6.87,6.17
1558,7.27,6.5
1558,10.27,6.73
1558,8.03,7.23
1558,7.3,6.5
1558,7.53,6.73
1558,9.43,8.43
1558,7.7,6.9
1558,8.6,7.53
1558,7.8,6.23
1558,9.73,6.97
1558,9.33,8.27
1558,10.1,7.47
1558,9.77,7.73
1558,8.47,7.57
1558,7.3,6.3
1558,9.87,6.4
1558,6.83,5.37
1558,5.8,5.2
1558,6.87,5.4
1558,4.97,4
1558,3.7,3.2
1558,4,3.3
1558,4,3.4
1558,5.03,3.5
1558,6.43,3.9
1558,4.3,3.9
1558,4,3.5
1558,4.77,4.03
1558,4.57,4.07
1558,5.37,4.87
1558,3.73,3.33
1558,3.9,3.13
1558,3.53,3.23
1558,4.17,3.4
1558,3.7,2.7
1558,3.3,2.67
1558,4.07,3.07
1558,4.2,3.3
1558,5.6,4.27
1558,4.2,3.8
1558,3.57,3.27
1558,4.9,3.73
1558,4.17,3.03
1558,3.8,3.5
1558,5,4.5
1558,4.7,4.3
1558,7.17,4.6
1558,4.67,4.07
1558,4.3,3.9
1558,5,3.8
1558,3.8,3.4
1558,4.6,4.2
1558,4.5,3.93
1558,5.47,4.9
1558,6.1,4.97
1558,6.37,5.4
1558,4.33,3.93
1558,2.8,2.6
1558,3.1,2.8
1558,2.4,2.2
1558,2.23,2.03
1558,4.37,3.6
1558,4.67,3.03
1558,4.7,3.93
1558,7.07,3.7
1558,3.7,3.4
1558,6.5,4.33
1558,10.07,4.33
1558,6.6,4.07
1558,3.8,3.5
1558,9.43,4.2
1558,6.5,4.57
1558,3.93,3.33
1558,6.2,3.2
1558,3.2,2.9
1558,4.1,3.7
1558,3.77,3.17
1558,5.5,2.53
1558,3.73,2.7
1558,3.53,2.9
1558,2.7,2.5
1558,5.57,2.97
1558,4.8,3.3
1558,3.87,3.57
1558,3.53,3.2
1558,3.17,2.87
1558,5,3.3
1558,3.6,3
1558,3.97,2.33
1558,3.13,2.3
1558,2.2,2
1558,2.5,2.3
1558,3.2,2.6
1558,2.23,1.7
1558,2.67,2.4
1558,2.3,2.1
1558,2.17,1.8
1558,3.7,1.8
1558,3.3,2.13
1558,2.4,2.2
1558,2.27,2.07
1558,4.83,2.83
1558,3.63,2.33
1558,4.2,2.07
1558,3.97,2.27
1558,2.8,2.6
1558,5.03,2.6
1558,5.03,2.33
1558,3.13,2.07
1558,2.4,2.2
1558,3.53,2.23
1558,4,2.93
1558,2.5,2
1558,2.37,1.9
1558,3.07,2.1
1558,2.5,1.9
1558,6.63,2.43
1558,2.57,2.13
1558,1.93,1.83
1558,2.5,2.3
1558,2.6,2.3
1558,2.77,1.8
1558,2,1.9
1558,2.3,2.1
1558,2.8,2.2
1558,3.37,1.97
1558,2.87,2.33
1558,2.77,2.53
1558,2.7,2.13
1558,5.23,2.4
1558,2.2,2
1558,7.93,3.27
1558,2.2,2
1558,2.4,2.2
1558,3.2,2.2
1558,1.5,1.4
1558,2.1,1.97
1558,2.47,2.27
1558,1.8,1.7
1558,2.53,2.33
1558,2.5,2.3
1558,2.43,2.23
1558,3,2.47
1558,2.03,1.93
1558,2.6,2.4
1558,4.7,2.8
1558,2.53,2.33
1558,2.7,2.5
1558,2.5,2.3
1558,3.5,2.9
1558,2.53,2.33
1558,2.5,2.3
1558,2.6,2.4
1558,4.47,2.83
1558,3.67,3.37
1558,2.93,2.73
1558,3.4,3.1
1558,3.17,2.87
1558,2.8,2.6
1558,2.8,2.6
1558,3.17,2.9
1558,4.07,3.07
1558,4.83,3.67
1558,3.37,3.07
1558,4.4,3.67
1558,4.6,3.83
1558,4.67,3.77
1558,4,2.83
1558,3.53,3.23
1558,2.7,2.5
1558,6.5,3.43
1558,2.9,2.7
1558,3.07,2.87
1558,3,2.8
1558,3.5,3.1
1558,4.3,4
1558,3.63,3.2
1558,4.2,3.7
1558,3.17,2.97
1558,3.77,3.47
1558,3.3,3
1558,3.7,3.4
1558,3.5,3.27
1558,4.77,4.37
1558,4.9,4.5
1558,4.77,4.47
1558,5.2,4.8
1558,5.2,4.7
1558,6.37,5.87
1558,5.87,5.37
1558,5.5,5.1
1558,5.1,4.7
1558,5.4,4.9
1558,6.07,5.13
1558,4.57,4.27
1558,4.77,4.27
1558,4.9,4.4
1558,5.8,4.83
1558,4.2,3.8
1558,4.9,4.5
1558,5.03,4.43
1558,4.07,3.77
1558,4.33,3.93
1558,5.27,4.77
1558,4.73,4.33
1558,4.8,4.4
1558,6.27,4.9
1558,5.6,5
1558,5.63,5.07
1558,5.6,5.03
1558,5.23,4.83
1558,4.97,4.47
1558,5.47,4.97
1558,5.63,4.93
1558,5.27,4.87
1558,5.53,5.03
1558,5.1,4.7
1558,8.23,5.83
1558,6.1,5.6
1558,7.17,5.6
1558,5.83,5.3
1558,7.97,5.6
1558,5.47,4.97
1558,6.27,5.67
1558,6.07,5.47
1558,5.63,4.77
1558,6.3,4.8
1558,5.53,4.77
1558,6.2,4.63
1558,6.07,5.5
1558,6.53,5.23
1558,7.97,5.83
1558,6.87,5.53
1558,5.9,5.4
1558,5.9,5.37
1558,6.3,5.7
1558,6.03,5.43
1558,6.4,5.8
1558,9.6,6
1558,5.53,5.03
1558,6.33,5.73
1558,8.23,5.7
1558,6.27,5.13
1558,6.17,5.5
1558,6.53,5.93
1558,6.77,6.1
1558,7.27,6.57
1558,7.87,6.23
1558,7.13,6
1558,7.7,6.5
1558,7.37,6.63
1558,15.43,6.1
1558,5.67,5.07
1558,5.47,4.97
1558,5.6,4.97
1558,8.2,7.23
1558,5.73,5.13
1558,9.9,7.37
1558,5.1,4.6
1558,6.4,5
1558,8.7,6.27
1558,8.77,5.6
1558,8.53,6.7
1558,5.33,4.83
1558,8.63,6
1558,7.97,6.5
1558,7.17,5.83
1558,7.37,5.23
1558,6.73,5.93
1558,6.3,4.93
1558,6.47,5.87
1558,5.5,5
1558,5.8,5.3
1558,6.33,5.27
1558,12.53,7.47
1558,10.4,6.5
1558,7.23,6.37
1558,9.43,6.83
1558,9.03,6.27
1558,6.83,6.13
1558,7.37,6.07
1558,9.57,6.8
1558,10.37,6.37
1558,8.23,5.7
1558,10.27,6.17
1558,8.07,5.63
1558,8.03,6.4
1558,7.8,5.33
1558,7.3,6.6
1558,47.8,16.13
1558,9.13,7.23
1558,15.43,10.5
1558,13.8,9.23
1558,8.57,5.47
1558,7.17,5.17
1558,7.7,6.57
1558,10.5,6.07
1558,9.2,6.4
1558,9.13,6.53
1558,7.53,6.1
1558,7.8,6.57
1558,11.37,9.07
1558,8.33,6.83
1558,6.57,4.8
1558,7.43,5.8
1558,8,6.3
1558,6.9,6.2
1558,6.93,6.23
1558,7.8,6.6
1558,28.6,18.37
1558,25.9,17.33
1558,18,13.43
1558,17.13,12.87
1558,16.3,12.1
1558,17.3,13.37
1558,17.87,13.8
1558,20.8,14.07
1558,21.57,14.5
1558,17.83,13.17
1558,21.7,14.1
1558,24.1,14.97
1558,20,16.9
1558,16.47,12.07
1558,16.83,12
1558,11.17,8.8
1558,12,8.37
1558,15.8,9.97
1558,8.23,7.4
1558,8.4,7.03
1558,8.17,7.37
1558,10,8
1558,13.1,8.8
1558,7.8,6.57
1558,9.43,7
1558,9.1,7.2
1558,25.1,19.57
1558,9.47,8.53
1558,9.17,7.33
1558,9.77,7.17
1558,9.73,8.77
1558,9.6,8.57
1558,7.83,6.8
1558,9.8,6.9
1558,7.57,6.43
1558,12.67,7.3
1558,10.7,8.63
1558,13.57,9.1
1558,10.83,9.37
1558,11.37,8.47
1558,13.03,9.37
1558,11.7,9.3
1558,11.3,9.5
1558,16.17,11.63
1558,16.03,13.53
1558,16.77,13.73
1558,19.83,12.37
1558,19.1,14.73
1558,23.7,18.13
1558,30.03,22.03
1558,31.47,25
1558,32.47,26.7
1558,33.97,27.13
1558,34.9,26.93
1558,30.7,23.97
1558,32,25.7
1558,28.13,23.03
1558,26.33,19.67
1558,28.67,19.97
1558,23.1,19.13
1558,23.57,17.47
1558,23.27,18.83
1558,27.07,21.43
1558,25.87,19.7
1558,17.63,15.6
1558,20.27,15.97
1558,16.8,13.27
1558,16.77,14.6
1558,18.83,15.43
1558,23.57,15.97
1558,18.23,14.5
1558,20.07,14.93
1558,21.97,16.07
1558,23.53,18.4
1558,19,15.43
1558,22,17.67
1558,22.8,18.1
1558,20.5,16.7
1558,21.5,17.33
1558,23.6,17.07
1558,22.97,17.3
1558,19.37,16.63
1558,18.27,15.1
1558,17.3,14.93
1558,15.4,12.9
1558,21.9,16.1
1558,20.67,15.43
1558,19.8,15.5
1558,20.33,16.73
1558,19.17,15.7
1558,21.7,17.7
1558,26.07,20.4
1558,14.03,11.57
1558,25.83,19.07
1558,23.3,18.9
1558,21.73,16.97
1558,21.2,16.27
1558,22,17.63
1558,23.57,16.9
1558,23.83,17.77
1558,26.43,19.23
1558,24.33,17.47
1558,16.4,14.6
1558,18.07,13.93
1558,14.73,12.6
1558,13.03,10.97
1558,12.47,11.07
1558,14.67,11.1
1558,11.63,9.47
1558,12.2,9.67
1558,11.33,9.73
1558,12.27,10.93
1558,12.6,10.43
1558,11.2,9.5
1558,11.07,9.97
1558,12.43,9.7
1558,12.23,10.13
1558,10.87,9.7
1558,10.07,9.03
1558,9.53,8.2
1558,10.87,9.73
1558,10.63,9.3
1558,10.6,8.43
1558,9.9,8.53
1558,10.07,8.5
1558,9.8,8.67
1558,12.47,8.97
1558,10.9,8.87
1558,9.9,8.87
1558,9.37,8.3
1558,10.53,8
1558,8.8,7.83
1558,8.87,8.07
1558,9.07,8.17
1558,8,7.3
1558,9.03,8.13
1558,8.97,8.13
1558,9.1,8.2
1558,9.13,7.9
1558,9.6,8.6
1558,10.73,9.7
1558,11.6,10.2
1558,10.83,9.73
1558,11.27,10.17
1558,12.3,10.37
1558,12.73,11.23
1558,12.73,11.37
1558,13.9,12.27
1558,16.6,13.4
1558,16.17,14.47
1558,16.2,13
1558,15.87,13.33
1558,13.33,11.93
1558,14.87,13.23
1558,14.9,12.63
1558,15.33,13.47
1558,15.4,12.27
1558,15.47,13.77
1558,16.9,14
1558,15.57,13.53
1558,15.57,13.07
1558,14.33,12.63
1558,14.17,12.5
1558,17.33,14.6
1558,18.37,15.5
1558,16.37,14.63
1558,16.73,13.9
1558,16.27,14.37
1558,16.8,15.07
1558,15.83,14.13
1558,15.73,14.03
1558,18.47,14.27
1558,16.3,14.5
1558,14,12.6
1558,16.87,14.23
1558,15.73,13.5
1558,15.6,13.63
1558,15.53,13.77
1558,15.3,12.73
1558,15.47,13.23
1558,16.6,13.57
1558,15.37,13.77
1558,16,14.3
1558,15.43,13.5
1558,15.17,13.27
1558,16.73,14.03
1558,17.47,13.8
1558,17.03,13
1558,15.57,13.87
1558,15.1,13.37
1558,17.23,13.27
1558,15.9,12.73
1558,15.87,13.73
1558,16.53,12.67
1558,16.6,13.77
1558,15.2,13.63
1558,15.4,13.83
1558,16.47,12.87
1558,14.57,12.93
1558,14,11.67
1558,14.77,13.17
1558,14.77,13.17
1558,16.37,12.4
1558,15.7,13.23
1558,14.13,12.27
1558,16.4,14.03
1558,15.07,13.17
1558,15.7,13.8
1558,17.13,13.9
1558,15.93,14.27
1558,15.67,13.87
1558,15.07,13.47
1558,18.4,12.77
1558,17.8,14.4
1558,15.47,13.87
1558,16.23,13.77
1558,16.37,14.17
1558,18,14.07
1558,15.37,13.5
1558,17.33,13.73
1558,16.9,14.97
1558,21.17,16.2
1558,16.87,13.9
1558,16.47,14.43
1558,16.2,13.4
1558,18.2,14.93
1558,21.6,14.87
1558,20.7,14.87
1558,20.37,14.63
1558,19.83,14.63
1558,18.4,14.57
1558,19.37,15.23
1558,18.3,15.53
1558,17.67,15.47
1558,21.13,16.27
1558,19.97,14.27
1558,19.27,14.67
1558,17.47,15.43
1558,20.03,15.5
1558,22,15.17
1558,15.87,14.17
1558,18.03,14.5
1558,17.5,13.97
1558,22.17,15.73
1558,19.1,16.33
1558,19.73,15.2
1558,16.67,14.8
1558,16.3,14.33
1558,19.97,15.77
1558,21.37,16.17
1558,19.37,15.3
1558,18.03,16
1558,17.07,15.17
1558,21,15.47
1558,18.17,14.03
1558,18.47,14.8
1558,19.6,15.2
1558,18.7,15.57
1558,17.5,15.33
1558,21.83,15.17
1558,16.97,13.73
1558,18.7,14
1558,15.6,13.27
1558,17,14.07
1558,17.67,13.53
1558,16.53,13.1
1558,21.17,14.6
1558,17.07,13.87
1558,16.6,13.3
1558,14.47,12.93
1558,17.33,13.43
1558,17.87,13.93
1558,16.7,13.07
1558,16.27,13.2
1558,15.53,13.9
1558,17.9,13.87
1558,16.1,13.83
1558,15.27,13.67
1558,16.17,13.87
1558,16.03,13.63
1558,15.3,13.7
1558,17.03,14.67
1558,14.53,13
1558,15.07,13.47
1558,19.27,15.33
1558,16,14.4
1558,18.23,15.07
1558,17.97,14.67
1558,21.73,14.73
1558,19.87,14.9
1558,21.13,14.6
1558,16,14.3
1558,18.57,14.9
1558,16.5,14.77
1558,17.9,14.9
1558,17.83,15.2
1558,17.43,15.53
1558,16.77,14.8
1558,19.97,15.8
1558,19.33,16.27
1558,21.83,16.37
1558,18.17,16
1558,20.93,15.87
1558,21.53,16.47
1558,16.93,15.17
1558,15.9,14.23
1558,17.6,15.3
1558,16.83,14.97
1558,17.4,15.43
1558,16.6,14.47
1558,18.73,16.4
1558,19.2,17.23
1558,21.4,16.37
1558,24.3,17.53
1558,22.77,18.23
1558,19.97,16.67
1558,23.17,18.17
1558,19.03,17.1
1558,20.2,18.3
1558,19.2,17.03
1558,19.77,17.8
1558,19.27,17.07
1558,18.4,16.8
1558,18.07,16.37
1558,18.17,16.37
1558,18.13,16.23
1558,19.37,17.4
1558,20.73,18.63
1558,20.77,18.13
1558,23.7,19.7
1558,18.77,16.9
1558,16.57,14.87
1558,15.53,14.05
1558,18.3,16.5
1558,16.82,15.2
1558,22.1,19.77
1558,17.07,15.53
1558,20.25,18.17
1558,17.62,16.05
1558,17.17,15.45
1558,17.95,16.35
1558,20.6,15.88
1558,17.42,15.63
1558,17.7,16
1558,16.93,14.87
1558,15.63,14.1
1558,15.38,13.98
1558,14.45,12.5
1558,12.05,10.95
1558,14.13,12.82
1558,12.5,11.45
1558,13.2,11.93
1558,12.9,11.43
1558,11.43,10.38
1558,12.45,11.35
1558,13,12
1558,14.1,12.63
1558,12.45,11.35
1558,10.65,9.73
1558,11.22,10.2
1558,10.48,9.58
1558,10.1,9
1558,10.2,9.25
1558,10.37,9.47
1558,10.67,9.7
1558,11.9,10.7
1558,9.2,8.4
1558,9.03,8.23
1558,9,8.27
1558,8.83,8.03
1558,10.2,9.3
1558,10.97,9.87
1558,11.93,9.63
1558,10.73,9.67
1558,8.73,7.83
1558,9.93,8.93
1558,9.5,8.7
1558,9.63,8.63
1558,10,9
1558,9.5,8
1558,8.97,8.13
1558,9.33,8.43
1558,14.4,8.3
1558,10.1,8.6
1558,8.3,7.5
1558,9.4,8.5
1558,10.8,9.7
1558,10.53,9.5
1558,9.73,8.87
1558,10.1,9.07
1558,11.9,9.5
1558,9.87,8.87
1558,8.43,7.57
1558,10.9,7.27
1558,6.93,6.33
1558,8.53,7.3
1558,8.17,7.37
1558,9.27,8.33
1558,12,10.07
1558,8.6,7.8
1558,8.93,8.13
1558,10.53,8
1558,8.37,7.67
1558,9.37,8.47
1558,8.67,7.77
1558,8.43,7.63
1558,8,7.2
1558,7.8,7.1
1558,6.6,6
1558,6.87,6.17
1558,7.1,6.47
1558,7.3,6.6
1558,5.13,4.7
1558,6.77,6.07
1558,5.63,5.13
1558,5.5,5
1558,4.4,4
1558,6,5.13
1558,6.33,4.67
1558,4.7,4.2
1558,4.8,4.3
1558,5.7,3.87
1558,4.2,3.73
1558,4.53,3.3
1558,3.93,3.63
1558,4,3.6
1558,4.97,4.2
1558,4.4,4
1558,7.37,5
1558,7.37,4.6
1558,4.87,4.43
1558,5.93,3.93
1558,4.83,4.1
1558,6.83,4.57
1558,7.27,4.73
1558,8.13,4.5
1558,9.83,4.87
1558,9.87,4.3
1558,4.73,4.07
1558,4.97,4.2
1558,6.27,4
1558,7.6,4.1
1558,3.97,3.53
1558,5.97,4.63
1558,6.17,4.27
1558,6.8,5.17
1558,8.83,5.2
1558,6.83,6.17
1558,6.8,5.07
1558,6.6,5.4
1558,4.7,4.23
1558,6.57,4.5
1558,5.57,4.67
1558,6.23,4.9
1558,5.97,5.3
1558,5.5,5
1558,5.9,5.03
1558,6.3,5.6
1558,6.07,5.33
1558,5.7,4.8
1558,6.13,4.43
1558,8.47,5.63
1558,7.47,4.8
1558,5.27,4.47
1558,6.17,5.57
1558,6.57,5.07
1558,7.77,5.1
1558,10,5.5
1558,9.07,6
1558,10.27,6.27
1558,8.67,6.1
1558,8.77,6.43
1558,7.97,6.2
1558,8.03,7
1558,8.53,6.9
1558,7.1,6.4
1558,6.73,6.07
1558,7.2,6.27
1558,8.57,6.43
1558,7.37,6.1
1558,6.17,5.53
1558,6.4,5.8
1558,7.93,7.07
1558,9.57,7.27
1558,8.93,7.6
1558,10.2,7
1558,10.47,7.5
1558,16.2,7.7
1558,10.43,8.2
1558,11.17,8.37
1558,8.07,6.97
1558,11.87,9.17
1558,12.9,8.27
1558,9,7.57
1558,7.73,7.03
1558,8.97,7.3
1558,8.33,7.53
1558,8.5,7.33
1558,9.47,7.9
1558,8.77,7.8
1558,8.87,7.7
1558,10.13,8.4
1558,11.73,8.5
1558,9.47,8.5
1558,12.47,8.6
1558,19.1,10.77
1558,13.7,10
1558,12.9,9.9
1558,12.97,10.33
1558,11.47,9
1558,11.97,9.07
1558,13.13,9.4
1558,13.47,10.3
1558,12.47,10.07
1558,16.23,9.6
1558,13.87,8.93
1558,8.6,7.8
1558,11.67,8.97
1558,9.77,8.77
1558,13.03,8.27
1558,10.1,9.07
1558,11.17,9.27
1558,11.33,10
1558,14.47,11.87
1558,16.73,13.37
1558,20.6,15.33
1558,20.8,17.13
1558,25.57,17.37
1558,28.13,19.2
1558,26.23,18.83
1558,27.73,20
1558,30.87,20.73
1558,33.37,21.83
1558,26.9,19.57
1558,24.7,18.33
1558,21.5,17.4
1558,15.7,12.67
1558,19.7,14
1558,20.03,13.63
1558,19.87,13.57
1558,18.27,14.07
1558,17,13.47
1558,26.77,16.83
1558,19.33,12.97
1558,13.1,10.27
1558,18.57,13.37
1558,23.9,16
1558,26.7,16.3
1558,17.57,12.83
1558,14.33,11.57
1558,14.17,12.07
1558,26.1,15.33
1558,20.67,16.97
1558,20.57,17.13
1558,15.73,12.67
1558,17.57,12.57
1558,17.1,13.53
1558,26.97,19.57
1558,21.23,16.33
1558,22.2,18.17
1558,20.87,15.5
1558,23.23,16.93
1558,27.43,20.3
1558,32.3,20.23
1558,26.53,18.13
1558,29.13,20.83
1558,39.33,24.17
1558,34.13,25.63
1558,31.53,24.73
1558,41.13,27.43
1558,35.93,26.1
1558,41.23,26.3
1558,37.5,29.17
1558,38.83,28.6
1558,35,27.57
1558,40.5,28.77
1558,41.07,30.4
1558,42,30.57
1558,43.53,32.97
1558,44.13,31.13
1558,46.73,30.83
1558,42.47,30.4
1558,39.57,30.3
1558,45.87,31.47
1558,39.9,31.23
1558,42.77,29.7
1558,41.63,31.07
1558,38.37,30.03
1558,41.2,31.77
1558,39.87,29.8
1558,32.63,24.2
1558,35.83,24.33
1558,33.63,24.73
1558,27.9,22.77
1558,30.03,22.3
1558,26.3,21.57
1558,27.2,21.67
1558,28,21.2
1558,27.33,20.67
1558,26.43,21.4
1558,27.97,20
1558,23.03,19.9
1558,29.97,22.53
1558,31.57,22.1
1558,31.77,22.4
1558,28.47,21.57
1558,24.8,19.7
1558,22.37,18.4
1558,25.9,19.43
1558,24.1,19.4
1558,26.67,18.87
1558,32.53,21.7
1558,30.33,19.87
1558,22.43,15.57
1558,24.87,15.67
1558,23.27,14.83
1558,16.4,14.17
1558,25.1,15.87
1558,15.37,12.77
1558,19.63,15.2
1558,16.03,12.43
1558,15.1,10.87
1558,11.9,9.3
1558,11.93,10.1
1558,11.4,9.37
1558,10.5,9.1
1558,10.07,9
1558,10.9,8.6
1558,10.2,7.77
1558,9.63,8.2
1558,8.9,8
1558,10,8.37
1558,10.37,8.17
1558,9.63,8.57
1558,11.93,8.87
1558,9.53,8.63
1558,12.07,9
1558,12.87,9.1
1558,17.27,9.43
1558,11.53,9.33
1558,10.63,8.9
1558,12.47,8.57
1558,11.27,8.83
1558,11.1,8.87
1558,10.6,8.43
1558,12,9.17
1558,9.87,8.83
1558,10.2,9.17
1558,12.67,9.23
1558,10.73,9.37
1558,11.83,8.3
1558,11.4,8.4
1558,11.87,8.7
1558,13.53,9.07
1558,10.87,8.83
1558,10.37,8.3
1558,9.43,8.37
1558,10.93,8.53
1558,10.17,8.7
1558,11.1,8.87
1558,9.47,8.3
1558,10.23,8.73
1558,11.73,9.33
1558,13.03,8.9
1558,11.07,8.93
1558,12.3,9
1558,11,8.67
1558,10.27,8.7
1558,11.2,8.7
1558,10.4,8.7
1558,10.8,8.87
1558,12.23,8.67
1558,12.07,9
1558,12.2,9.3
1558,11.3,8.97
1558,10.23,8.77
1558,13,8.33
1558,10.5,8.8
1558,10.1,8.53
1558,10.73,8.37
1558,10.83,8.33
1558,11.37,8.9
1558,11.77,8.97
1558,9.97,8.73
1558,12,8.4
1558,9.5,8.4
1558,9.23,8.23
1558,10.87,8.37
1558,12.37,9.07
1558,10.93,8.5
1558,11.6,8.7
1558,10.63,8.57
1558,12.37,8.47
1558,10.1,8.4
1558,10.43,8.9
1558,12.4,8.43
1558,11.33,8.37
1558,11.33,8.67
1558,11.53,8.57
1558,10.8,8.63
1558,11.67,8.8
1558,11.8,8.6
1558,10.77,8.83
1558,10.7,8.77
1558,9.67,8
1558,12.3,9.6
1558,10.87,8.73
1558,11.73,9.03
1558,12.07,8.77
1558,11.17,9.43
1558,10.43,8.27
1558,9.23,7.97
1558,11.97,9.1
1558,9.07,8.17
1558,11,8.8
1558,11.5,8.9
1558,12,9.03
1558,10.5,9.4
1558,12.03,9.47
1558,11.43,9.07
1558,11.13,8.93
1558,11.2,9.4
1558,10.23,8.47
1558,11.3,8.2
1558,10.3,8.17
1558,10.07,8.03
1558,10.03,8.5
1558,10.27,9
1558,9.7,7.97
1558,11.33,9.27
1558,9.3,7.7
1558,10.57,8.7
1558,10.87,9.23
1558,14.27,11
1558,11.33,9.7
1558,11.7,9.43
1558,10.2,8.8
1558,10.5,9.4
1558,10.33,8.7
1558,11.4,9
1558,9.7,7.97
1558,9.73,7.9
1558,9.93,8.43
1558,10.53,8.33
1558,14.4,9.97
1558,11.03,9.03
1558,14.63,9.93
1558,10.13,8.4
1558,13.23,9.43
1558,15.43,9.8
1558,12.43,9.77
1558,12.7,9.33
1558,13.47,9.5
1558,12.67,9.73
1558,15.3,10.2
1558,13.73,9.9
1558,14.5,9.9
1558,14.77,11.1
1558,15.37,11.2
1558,14.63,11.73
1558,14.73,10.83
1558,19.43,11.73
1558,19.63,11.83
1558,14.97,11.6
1558,16.43,11.2
1558,14.63,10.83
1558,17.4,11.2
1558,17.87,11.23
1558,14.37,11.07
1558,20.7,11.53
1558,18.53,12.27
1558,19.3,12.33
1558,18.33,12.3
1558,20.23,12.17
1558,20.03,12.63
1558,18.13,12.6
1558,13.97,11.4
1558,14.33,11.2
1558,16.27,11.37
1558,27.5,14.43
1558,20.07,13.17
1558,22.07,16.67
1558,27.53,18.77
1558,30.73,17.67
1558,20.47,16.43
1558,25.63,18
1558,25.63,15.63
1558,21.63,15.23
1558,22.57,16.63
1558,23.57,16.53
1558,22.3,16.17
1558,30.73,17.13
1558,28.77,17.7
1558,27.07,17.27
1558,25.63,18.5
1558,24.6,16.6
1558,25.07,17.7
1558,21.37,15.7
1558,20.27,15.6
1558,21.7,15.07
1558,21.27,15.97
1558,24.7,16.17
1558,18.8,15.43
1558,19.13,14.83
1558,17.97,15.3
1558,20.77,15.3
1558,25.7,16.57
1558,22.87,17.47
1558,31.7,18.87
1558,27.5,18.83
1558,24.2,18.7
1558,21.97,15
1558,18.63,13.1
1558,20.63,13.67
1558,13.83,11.53
1558,16.67,11.43
1558,11.4,10.2
1558,14.3,10.9
1558,12.1,10.9
1558,15.37,11.1
1558,13.07,11.77
1558,15.7,11.2
1558,14.9,10.9
1558,14.63,11.8
1558,13.2,11.8
1558,14.1,12.1
1558,13.47,11.2
1558,15.5,13.9
1558,14.67,11.63
1558,14.9,11.1
1558,12.73,10.87
1558,11.1,9.8
1558,12.8,11.1
1558,10.97,9.17
1558,10,9
1558,10.43,9.23
1558,10.5,9.4
1558,9.3,8.27
1558,12.4,9.47
1558,9.93,8.95
1558,12.55,11.25
1558,11.78,8.93
1558,9.3,8.35
1558,13.98,8.95
1558,11.43,8.85
1558,12.45,8.33
1558,8.58,7.72
1558,11.5,7.9
1558,8.55,7.03
1558,8.28,7.25
1558,7,6.3
1558,6.8,5.92
1558,9.08,8.05
1558,10.2,6.28
1558,7.47,6.4
1558,6.8,6.1
1558,9.8,7.8
1558,8.88,6.65
1558,7.95,5.3
1558,8.03,6.03
1558,8.35,6.3
1558,8,6.4
1558,6.4,5.8
1558,8.68,5.7
1558,6.6,5.97
1558,8.2,5.6
1558,8.33,6.1
1558,9.08,6.25
1558,7.58,6.87
1558,7.28,6.47
1558,7.33,6.25
1558,7.65,6.7
1558,7.33,6.2
1558,8.38,5.37
1558,8.93,6.3
1558,8.6,6.42
1558,8.65,6.5
1558,6.87,6.22
1558,7.67,6.97
1558,6.45,5.78
1558,6.6,5.83
1558,6.8,6.15
1558,6.85,6.05
1558,7.33,5.9
1558,6.73,6.03
1558,6.7,6.1
1558,7.03,5.63
1558,8.4,5.9
1558,6.03,5.43
1558,8.27,5.43
1558,8.6,5.67
1558,9.43,6.3
1558,7.7,5.73
1558,7.47,5.77
1558,10.87,6.27
1558,11.2,6.4
1558,8.03,5.6
1558,6.13,5.53
1558,7.93,6.97
1558,7.83,6.1
1558,7.03,6.2
1558,6.43,5.83
1558,8.3,6.3
1558,8.7,6.57
1558,9.23,7
1558,8.77,6.7
1558,7.27,6.5
1558,8.17,6.57
1558,9.17,6.73
1558,8.33,6.1
1558,9.83,6.3
1558,9.2,7.13
1558,8.83,6.27
1558,8.03,6.07
1558,9.17,6.2
1558,6.23,5.63
1558,6.23,5.63
1558,8.27,6.5
1558,7.73,6.73
1558,7.07,6.4
1558,7.83,7.03
1558,10.4,7.37
1558,7.43,6.67
1558,12.4,7.4
1558,11.13,7.1
1558,8.97,7.9
1558,10.07,6.87
1558,12,7.7
1558,9.37,6.6
1558,8.67,7.6
1558,10.6,7.43
1558,7.8,7
1558,10.7,7.4
1558,9.45,7.8
1558,7.35,6.65
1558,8.23,7.42
1558,7.33,6.62
1558,8.75,7.67
1558,10.37,8.27
1558,8.8,8
1558,12.9,9.07
1558,10.57,8.97
1558,9.57,8.57
1558,9.07,7.73
1558,9.9,8.9
1558,8.93,8
1558,9.27,8.27
1558,10.1,7.83
1558,9.7,8.2
1558,10.43,8.57
1558,9.1,8.03
1558,10.37,9.37
1558,11.23,10.03
1558,9.33,8.43
1558,9.4,8.43
1558,11.43,8.93
1558,10.27,8.4
1558,12.13,8.53
1558,9.5,8.1
1558,9.13,7.4
1558,16.27,9.23
1558,9.9,8.13
1558,8.9,8
1558,9.63,8.13
1558,13.1,9.23
1558,9.03,8.07
1558,9.37,8.13
1558,8.6,7.63
1558,9.47,7.8
1558,9.37,7.8
1558,13.1,7.9
1558,8.8,7.57
1558,9.47,7.33
1558,10.53,8.53
1558,14.97,9.47
1558,12.63,9.5
1558,13.07,9.43
1558,11.7,9.3
1558,11.77,9.13
1558,12.63,9.7
1558,10.33,9.2
1558,11.33,9.53
1558,11.73,10
1558,12.23,10.4
1558,10.63,9.4
1558,10.77,9.63
1558,11.83,10.23
1558,12.7,10
1558,12.3,9.9
1558,10.47,9.37
1558,15.8,10.73
1558,15.6,10.6
1558,14.63,11.2
1558,11.67,10.47
1558,15.77,12.37
1558,14.5,11.97
1558,12.4,11.1
1558,13.9,12.37
1558,13.43,10.9
1558,15.6,12.07
1558,14.1,11.77
1558,13.23,11.17
1558,14.53,11.37
1558,16.4,12.03
1558,12.9,11.2
1558,20.1,12.9
1558,15.7,11.3
1558,13.47,11.8
1558,13.93,12.23
1558,14.03,11.8
1558,18.07,12.27
1558,15.2,13.6
1558,15.2,12.57
1558,15.83,12.23
1558,18.6,13.13
1558,19.37,13.37
1558,15,12.2
1558,13.93,11.7
1558,16.1,11.9
1558,13.57,12.17
1558,15.2,12.3
1558,17.33,13.3
1558,20.33,13.47
1558,16.17,13.3
1558,16.03,12.93
1558,14.97,12.53
1558,16.07,13.2
1558,20.5,16.07
1558,17.17,12.7
1558,15.8,13.7
1558,17.7,12.6
1558,16.63,14.13
1558,17.23,13.47
1558,16.8,13.3
1558,17.53,13.37
1558,17.27,13.33
1558,18.53,15.27
1558,15.83,13.17
1558,18.27,12.77
1558,15.13,12.53
1558,15.07,12.27
1558,18.1,13.23
1558,18,14.03
1558,16.17,14
1558,17.03,13.83
1558,15.53,12.77
1558,17.27,12.6
1558,19.67,14.27
1558,20.93,14.07
1558,17.03,13.4
1558,16.7,12.8
1558,18.3,13.6
1558,17.5,13.5
1558,20.67,14.93
1558,19.4,13.87
1558,19.6,14.4
1558,20.73,17.1
1558,20.27,16.27
1558,17.53,13.8
1558,18.47,13.97
1558,18.6,13.4
1558,18.07,13.7
1558,18.23,14.7
1558,20.3,13.9
1558,18.93,14.33
1558,21.63,14.2
1558,19.17,14.63
1558,20.4,14.5
1558,19.17,14.83
1558,26.7,16.63
1558,24.1,15.93
1558,21.5,15.2
1558,21.37,15.93
1558,23.83,16.5
1558,25.93,16.17
1558,22.67,16.17
1558,20.93,16.23
1558,22.57,15.3
1558,24,16.77
1558,21.4,16.67
1558,21.73,15.9
1558,24.07,16.4
1558,22,17.63
1558,22.23,17.17
1558,26.47,20.87
1558,22.3,18.77
1558,25.83,18.07
1558,25.5,18.67
1558,25.1,17.83
1558,23.93,17.13
1558,21.27,16.47
1558,25.33,16.8
1558,21.2,16.1
1558,19.97,16.27
1558,27.87,17.97
1558,27.43,20.07
1558,26.53,19.47
1558,29.2,22.4
1558,31,23.67
1558,34.73,25.03
1558,33.9,23.73
1558,32.57,24.37
1558,25.5,20.77
1558,27,17.8
1558,24.17,18.4
1558,22.33,16.83
1558,23,17.17
1558,40.67,31.8
1558,16.53,14.8
1558,18.03,15.23
1558,17.6,13.93
1558,16.2,14.5
1558,20.27,13.7
1558,18.8,13.2
1558,16.9,11.6
1558,13.97,12.4
1558,15.7,11.9
1558,12.2,10.9
1558,16.77,10.23
1558,12.5,10.3
1558,13.03,10.37
1558,15.5,9.13
1558,16.1,13.87
1558,10.67,8.63
1558,9.77,7.8
1558,8.93,7.4
1558,9,6.9
1558,7.97,6.7
1558,8.47,7
1558,9.53,7.2
1558,7.53,6.73
1558,8.9,7.23
1558,9,7.3
1558,10.27,6.87
1558,8.03,6.83
1558,7.4,6.7
1558,8.23,6.6
1558,7.7,6.9
1558,7.97,6.6
1558,9.7,6.4
1558,7.53,6.67
1558,9.23,7.3
1558,9.73,7.7
1558,11.3,7.87
1558,12.9,8.63
1558,8.3,7.37
1558,8.67,7.53
1558,8.87,7.67
1558,8.23,7.27
1558,8.63,7.7
1558,8.1,7.3
1558,8.43,7.53
1558,8.47,7.57
1558,8.53,7.4
1558,10.97,7.1
1558,10.33,8.8
1558,10.73,8.7
1558,10.77,9.13
1558,11.6,9.77
1558,11.07,8.7
1558,11.1,9.63
1558,11.57,10.3
1558,12.2,8.83
1558,13.37,9.27
1558,11.77,9.2
1558,11.77,9.2
1558,10.63,9.1
1558,14.3,10.47
1558,12.17,9.67
1558,12.03,10.4
1558,11.7,10.3
1558,15.07,10.67
1558,11.23,9.73
1558,11.43,9.87
1558,12.07,9.33
1558,12.63,9.2
1558,10.37,9.27
1558,11.3,9.7
1558,11.43,9
1558,10.27,9.2
1558,12.2,9.43
1558,13.1,9.03
1558,12.7,9.47
1558,10.77,9.13
1558,10.93,9
1558,13.43,10.17
1558,10.2,8.73
1558,10.47,9.07
1558,11.07,8.53
1558,11.93,9.1
1558,9.63,8.57
1558,12.53,9.17
1558,10.27,8.97
1558,10.37,9.23
1558,10.03,8.93
1558,11.57,9
1558,13.5,8.97
1558,10.87,9.07
1558,12.57,9.07
1558,10.2,9.1
1558,10.43,9.33
1558,14.57,10.33
1558,12.7,9.7
1558,12,9.77
1558,11.03,9.63
1558,11.07,9.23
1558,10.67,8.73
1558,11.87,9.37
1558,13.03,9.63
1558,12.07,9.8
1558,12.3,10.03
1558,12.13,9.2
1558,14.33,10.33
1558,11.37,9.83
1558,13.8,9.8
1558,11.57,9.9
1558,10.93,9.47
1558,11.43,10
1558,14.1,9.9
1558,11.97,10.03
1558,11.43,10.33
1558,11.63,10.4
1558,15.63,10.83
1558,17.03,11.9
1558,15.6,12.27
1558,15.4,12.7
1558,18.07,13.5
1558,17.73,13.87
1558,21.67,15.33
1558,22.93,16.73
1558,25.13,19.5
1558,24.33,18.43
1558,17.23,14.93
1558,18.47,14.33
1558,17.93,15
1558,17.7,14.03
1558,17.47,14.77
1558,16.63,13
1558,17.23,13.9
1558,14.87,11.77
1558,16.1,12.87
1558,14.07,12.47
1558,15.67,13.27
1558,18.03,14.8
1558,17.3,13.83
1558,15.93,13.2
1558,15.5,12.63
1558,14.1,12.07
1558,14.17,12.67
1558,12.8,11.5
1558,13.7,11.67
1558,13.33,11.37
1558,15.5,13.03
1558,15.07,12.57
1558,17.87,13.97
1558,16.57,13.63
1558,17.63,14.57
1558,17.93,13.9
1558,16.57,13.27
1558,15.83,13.4
1558,15.37,13.33
1558,15.9,13.23
1558,16.17,12.77
1558,18.63,13.97
1558,20.17,14.53
1558,20.4,14.5
1558,16.7,14.87
1558,21,15.47
1558,16.43,14.73
1558,16.43,14.6
1558,19.93,15.3
1558,17.6,14.6
1558,17.9,15.7
1558,23,13.7
1558,16.13,14.43
1558,16,14
1558,17.5,15.7
1558,16.9,14.27
1558,16.53,14.77
1558,15.9,14.3
1558,18.07,15.3
1558,16.53,13.97
1558,15.6,14.03
1558,16.03,14.43
1558,16.5,14.67
1558,16.1,14.43
1558,16,14.4
1558,15.57,13.97
1558,15.1,12.97
1558,14.97,13.47
1558,14.97,13.37
1558,15.23,13.73
1558,15.67,13.3
1558,15.87,12.73
1558,13.63,12.23
1558,13.27,11.93
1558,14.63,13.23
1558,14.77,12.97
1558,15.33,12.63
1558,15.23,13.63
1558,14.13,12.63
1558,14.33,12.93
1558,15.4,13.27
1558,14.67,13.1
1558,13.77,12.3
1558,15.07,13.47
1558,13.57,12.17
1558,13.97,12.5
1558,13.8,12
1558,14.03,12.3
1558,15.63,13
1558,13.53,12.13
1558,13.83,12.43
1558,13.57,12.27
1558,13.93,12.53
1558,17.9,13.1
1558,14,12.2
1558,15.47,13.37
1558,15.43,13.33
1558,13.83,12.33
1558,15.7,12.83
1558,14.37,12.73
1558,15.2,13.6
1558,14.8,13.23
1558,15.87,14.13
1558,15.67,13.43
1558,14.93,12.47
1558,20.33,13.67
1558,17.43,13.43
1558,17.87,15.73
1558,17.8,15.6
1558,18.73,14.8
1558,20.47,16.27
1558,17.33,15.1
1558,19.73,14.87
1558,14.8,12.9
1558,16.6,14.57
1558,15.07,13.57
1558,15.7,13.2
1558,17.7,14.63
1558,15.53,13.87
1558,15,13.17
1558,15.9,13.9
1558,14.83,12.73
1558,16.27,13.3
1558,15.3,13.7
1558,15.07,13.5
1558,18.5,14.2
1558,14.93,13.2
1558,15.33,13.37
1558,14.47,12.97
1558,15.3,13.7
1558,15.2,13.57
1558,15.5,13.9
1558,17.53,14.27
1558,15.37,13.67
1558,15.33,13.83
1558,15.47,13.87
1558,15.93,13.17
1558,15.8,13.4
1558,16.9,14
1558,16.53,14.9
1558,14.07,12.57
1558,17.23,14.5
1558,16.07,14.33
1558,15.9,13.9
1558,13.93,12.43
1558,13.97,11.73
1558,13.6,12.2
1558,17.03,11.6
1558,12.93,11.37
1558,17.13,12.8
1558,14.3,11.33
1558,14.13,11.87
1558,16,12.2
1558,15.43,13
1558,14.43,12.9
1558,17.87,12.3
1558,14.4,11.1
1558,17.37,11.37
1558,15.7,12.1
1558,14.5,12.3
1558,15.93,14.3
1558,17.9,14.63
1558,20.8,18.7
1558,18,16.27
1558,18.6,16.8
1558,18.63,16.7
1558,19.63,17.53
1558,20.2,18.1
1558,22.37,20.1
1558,22.53,20.4
1558,21.63,19.33
1558,21.57,19.37
1558,23.5,21.23
1558,21.97,19.83
1558,23.1,20.2
1558,21,18.9
1558,19.07,17.07
1558,20.07,18.03
1558,18.23,16.43
1558,19.47,17.4
1558,19.4,17.23
1558,20.83,17
1558,19.23,16.57
1558,18.13,16.33
1558,17.33,15.63
1558,17.57,15.97
1558,21.87,16.7
1558,19.07,17.37
1558,19.6,17.6
1558,19.03,17.13
1558,18.33,16.53
1558,17.57,15.7
1558,16.93,15.43
1558,17.13,15.03
1558,16.5,14.8
1558,17.43,14.53
1558,17.83,15
1558,15.33,13.93
1558,12.9,11.57
1558,11.53,10.43
1558,13.9,10.37
1558,11.73,10.5
1558,10.2,8.97
1558,9.3,8.37
1558,9.23,8
1558,8.93,8.03
1558,13.17,8.7
1558,9.57,8.63
1558,10.87,9.53
1558,9.9,8.87
1558,9.53,8.3
1558,10.8,9.5
1558,10.03,9.13
1558,9.87,8.97
1558,9.4,8.5
1558,10.07,8.63
1558,12.33,11.03
1558,10.97,8.9
1558,9.77,8.77
1558,10,8.5
1558,9.47,8.57
1558,10.37,8.3
1558,9.77,8.77
1558,10.8,9.2
1558,15.2,10
1558,12.33,10.9
1558,9.9,8.77
1558,8.77,7.97
1558,11.2,9.53
1558,9.63,8.5
1558,10,8.73
1558,10.4,8.87
1558,8.87,8
1558,9.1,8.2
1558,14.83,9.77
1558,10.7,9.43
1558,10.27,9.27
1558,10.83,9.77
1558,9.83,8.93
1558,9.33,8.43
1558,9.9,9
1558,9.47,7.8
1558,9.8,8.8
1558,9.27,8.37
1558,12.7,10.3
1558,9.37,8.47
1558,9.87,9.07
1558,10.17,9.13
1558,13.07,11.83
1558,11.5,10.4
1558,9.98,8.63
1558,9.8,8.9
1558,12.9,9.95
1558,8.15,7.35
1558,7.92,7.22
1558,10.55,7.78
1558,8.9,7.03
1558,7.92,7.1
1558,9,6.9
1558,7.97,6.5
1558,7.7,6.1
1558,7.07,6.03
1558,6.87,6.27
1558,6.4,5.8
1558,6.9,6
1558,7.03,6.33
1558,7.4,6.7
1558,8.1,7.3
1558,8.4,6.23
1558,6.8,6.15
1558,6.42,5.9
1558,7.03,5.7
1558,6.97,6.27
1558,7.93,7.13
1558,6.07,5.57
1558,8.67,5.8
1558,8.17,5.8
1558,5.6,5.1
1558,6.43,5.77
1558,7,5.3
1558,6.6,5.9
1558,6.23,4.9
1558,5.57,5.07
1558,4.8,4.4
1558,5.1,4.6
1558,6.53,4.78
1558,6.2,4.5
1558,4.77,4.3
1558,3.97,3.63
1558,5.05,4.53
1558,6.17,5.67
1558,6.1,5.15
1558,5.23,4.13
1558,6.43,5.93
1558,5.67,5.27
1558,4.67,4.27
1558,6.07,4.9
1558,5.47,4.7
1558,4.73,4.33
1558,7.5,5
1558,4.8,4.33
1558,7.8,4.23
1558,4.17,3.77
1558,5.2,4.7
1558,5.27,4.4
1558,4.6,4.03
1558,5.2,4.6
1558,4.3,3.9
1558,4.43,4.03
1558,6.27,4.77
1558,7.03,4.3
1558,6.7,4.6
1558,5.17,4.67
1558,4.57,4
1558,4.87,4.47
1558,6.07,4.4
1558,5.53,4.83
1558,6,5.5
1558,6.77,5.07
1558,6.13,5.2
1558,10.03,5.2
1558,6.27,5.4
1558,7.07,5.67
1558,7.43,5.03
1558,5.33,4.7
1558,5.3,4.3
1558,7.23,4.67
1558,5.87,4.63
1558,5.17,4.63
1558,4.23,3.83
1558,8.27,4
1558,5.3,4.3
1558,5.2,4.7
1558,9.77,5.33
1558,7.17,4.8
1558,6.87,5.3
1558,5.67,5.07
1558,5.9,5.3
1558,5.6,5.1
1558,5.73,5.13
1558,5.43,4.93
1558,6,5.4
1558,6.2,5.3
1558,5.53,4.97
1558,7.67,5.63
1558,5.7,5.2
1558,6.2,5.6
1558,10.93,5.93
1558,8.03,6
1558,10.1,6.3
1558,7.53,6
1558,8.13,6.77
1558,6,5.3
1558,7.8,5.4
1558,6.1,5.23
1558,7.03,6.33
1558,7.5,6.5
1558,7.67,5.53
1558,9.83,6.53
1558,6.77,5.5
1558,8.67,7.27
1558,10.57,8.23
1558,10.87,8.7
1558,7.63,6.1
1558,7.5,6
1558,6.47,5
1558,6.83,4.9
1558,8.23,5.37
1558,5.73,4.63
1558,7.13,6.13
1558,6.37,5.2
1558,11,8.5
1558,11.17,8.7
1558,8.7,7.8
1558,12.87,7.63
1558,9.9,8.5
1558,11.2,8.63
1558,9.8,8.8
1558,9.83,8.37
1558,14.63,9.13
1558,10.33,9.17
1558,10.8,8.27
1558,9.97,8.3
1558,13.97,10.6
1558,9.97,8.4
1558,10.77,8.9
1558,9.9,7.9
1558,12.4,8.97
1558,9.73,7.43
1558,12.73,8.7
1558,11.23,8.73
1558,11.57,7.8
1558,9.8,8.3
1558,9.37,7.03
1558,9.13,6.6
1558,10.43,7.1
1558,10.23,7.1
1558,6.37,5.4
1558,9.33,7.2
1558,8.2,5.83
1558,8.67,6.2
1558,9.4,6.43
1558,6.57,5.03
1558,6.73,5.63
1558,6.93,5.07
1558,8,6.17
1558,7.9,5.5
1558,9.6,6.1
1558,13.57,7.7
1558,9.93,6.5
1558,7.3,6.33
1558,7.7,6.9
1558,9.2,7.07
1558,12.5,7.8
1558,10.8,8.3
1558,9.03,7.5
1558,10.2,7.1
1558,9.93,7.43
1558,9.03,7.37
1558,8.17,6.7
1558,9.77,6.47
1558,10.4,7.33
1558,7.7,6.9
1558,7.87,7.07
1558,9.23,6.83
1558,8.17,7
1558,8.1,7.3
1558,8.33,7.43
1558,15.33,9.2
1558,7.63,6.87
1558,9.43,7.53
1558,10.77,7.7
1558,9.6,7.2
1558,7.9,5.9
1558,6.03,4.8
1558,6.93,5.27
1558,8.6,6.03
1558,6.9,5.83
1558,7.1,6.4
1558,13.2,6.5
1558,5.87,5.27
1558,7.47,5.53
1558,8.73,6.77
1558,6.13,5.53
1558,6.3,5.2
1558,5.67,4.7
1558,4.07,3.43
1558,3.17,2.73
1558,3.03,2.7
1558,5.2,3.9
1558,9.37,5.03
1558,3.53,2.4
1558,2.53,2
1558,3.53,1.83
1558,10.57,6.6
1558,3.37,2.4
1558,2.9,2.57
1558,3.2,1.93
1558,3.5,2.1
1558,3.17,1.77
1558,2.17,1.6
1558,3.23,1.6
1558,1.9,1.7
1558,2.37,1.9
1558,1.87,1.77
1558,2.9,1.9
1558,2.93,2.43
1558,2.6,2.4
1558,2.3,2.1
1558,2.4,1.7
1558,2.17,1.9
1558,2.5,2.3
1558,2,1.8
1558,2.43,1.7
1558,2.33,2.1
1558,2.37,2
1558,2.7,2.2
1558,1.7,1.6
1558,1.9,1.8
1558,2.5,2
1558,1.6,1.5
1558,2.87,1.8
1558,2.63,2.37
1558,2.4,2.2
1558,3.9,3.13
1558,4,2.5
1558,3.97,2.17
1558,2.9,2.23
1558,2.23,2.03
1558,4.83,2.77
1558,3.03,2.07
1558,4.37,2.97
1558,2.2,2
1558,3,2.1
1558,1.97,1.77
1558,4.03,3
1558,2.5,2.23
1558,9.33,5.93
1558,12.07,9.73
1558,6.97,6.33
1558,5.5,3.07
1558,4.3,3.03
1558,4.7,4.2
1558,3.2,2.63
1558,2.43,2.1
1558,2.63,2.4
1558,2.6,2.4
1558,4.13,2.2
1558,2.37,1.97
1558,2.27,2
1558,4.73,2.3
1558,2.53,2.1
1558,1.97,1.6
1558,2.17,1.97
1558,2.57,2
1558,2.47,2.03
1558,1.9,1.7
1558,1.5,1.4
1558,2.67,2.13
1558,1.6,1.5
1558,3.4,1.8
1558,1.87,1.67
1558,1.9,1.8
1558,2.53,1.83
1558,3.23,2.63
1558,20,14.3
1558,3.27,2.9
1558,3.87,3.2
1558,4.03,2.7
1558,2.6,2.1
1558,2.23,2.03
1558,2.2,2
1558,3.23,2.17
1558,1.8,1.7
1558,2.2,2
1558,2.13,1.7
1558,2.27,2.07
1558,2.83,2.17
1558,2.3,2.1
1558,3,1.87
1558,1.97,1.8
1558,2.13,1.93
1558,2.53,1.8
1558,1.77,1.5
1558,2.2,2
1558,2.57,2
1558,3.73,2.1
1558,2.87,2.53
1558,4.03,2.53
1558,3.9,2.8
1558,2.9,2.7
1558,2.8,2.5
1558,4.17,2.8
1558,3.17,2.9
1558,2.97,2.6
1558,3.53,3.2
1558,4,3.6
1558,3.47,3.17
1558,3.97,3.57
1558,3.37,3.07
1558,4.63,3.23
1558,3.77,3.37
1558,4.33,3.93
1558,5.2,3.8
1558,4.3,3.9
1558,4.37,3.97
1558,3.87,3.37
1558,4.1,3.7
1558,4.77,3.9
1558,4.13,3.73
1558,4.1,3.7
1558,4.27,3.8
1558,4.53,4.1
1558,4.3,3.9
1558,5.37,3.73
1558,4.17,3.7
1558,4.27,3.87
1558,4.1,3.7
1558,4.5,3.87
1558,4.7,4.2
1558,5.47,4.5
1558,4.47,4.07
1558,5.5,4.2
1558,4.67,3.73
1558,5.33,4.33
1558,5.2,4.3
1558,4.63,4.23
1558,5.3,4.8
1558,4.9,4.4
1558,4.77,4.2
1558,5.03,4.53
1558,4.73,4.3
1558,4.87,4.37
1558,5.83,4.2
1558,4.93,4.43
1558,4.87,4.13
1558,5.33,3.93
1558,5.07,4.1
1558,4.93,4.23
1558,4.3,3.9
1558,5.43,3.77
1558,5.2,3.83
1558,7.1,3.8
1558,4.83,3.97
1558,5.23,4.07
1558,5.27,4.1
1558,5.87,3.83
1558,5.4,4.6
1558,5.17,4
1558,5.8,4.7
1558,5.37,4
1558,5.9,4.57
1558,4.93,4.3
1558,5.33,4.83
1558,4.9,4.03
1558,5.87,4.8
1558,5.47,4.87
1558,5.67,4.7
1558,6,4.47
1558,7.57,5
1558,6.83,5.2
1558,6.4,5
1558,6,4.8
1558,6.43,5.1
1558,6.7,4.93
1558,5.27,4.77
1558,5.9,5.07
1558,5.3,4.33
1558,5.83,4.97
1558,5.97,4.47
1558,5.17,4.67
1558,5.97,5.07
1558,6.67,4.93
1558,7.33,5.67
1558,8.1,5.37
1558,8.2,5.3
1558,7.3,5.1
1558,7.83,5.53
1558,7.57,5.7
1558,9.63,5.7
1558,8.83,5.73
1558,8.73,6
1558,7.17,6
1558,10.3,7.47
1558,8.8,6.13
1558,8.87,6.43
1558,7.03,6.33
1558,9.4,6.77
1558,9.8,7.73
1558,7.5,6.2
1558,7.4,5.9
1558,8.9,6.1
1558,7.37,5.9
1558,6.2,5.33
1558,6,5.23
1558,6.5,5.23
1558,5.93,5.33
1558,7.83,5.6
1558,6.27,5.3
1558,8.53,5.7
1558,8.63,5.33
1558,9.77,6.8
1558,8.9,5.83
1558,6.5,5.2
1558,8.03,5.6
1558,7.43,5.67
1558,7.6,6.1
1558,10.03,6.73
1558,10.83,5.6
1558,7.27,5.8
1558,7.87,5.5
1558,6.2,5.6
1558,8.37,6.17
1558,8.63,5.8
1558,7.37,5.93
1558,6.9,5.63
1558,7.3,6
1558,7.13,6.3
1558,9.23,6.2
1558,8.07,6.83
1558,7.8,6.57
1558,9.63,8.53
1558,11.4,8.5
1558,11.13,8.9
1558,12.9,8
1558,12.77,9.1
1558,12,8.4
1558,10.37,7.7
1558,11.4,8.33
1558,19.43,10.47
1558,12,8.13
1558,11.8,8.67
1558,12.5,8.83
1558,12.2,9.13
1558,14,8.87
1558,11.83,8.8
1558,11.5,9.4
1558,10.13,8.6
1558,13.3,9.77
1558,10.83,8.97
1558,9.9,8.9
1558,20.93,11.77
1558,15.27,11.53
1558,14.43,12.93
1558,16.5,13.93
1558,19.5,14.1
1558,14.97,12.07
1558,16.8,11.37
1558,13.27,10.7
1558,20.8,11.33
1558,13.9,11.23
1558,12.97,11.27
1558,14.27,11.2
1558,15,10.8
1558,12.33,11.03
1558,11.57,10.2
1558,17.33,11
1558,15.07,11.2
1558,13.47,11.97
1558,16.73,12.73
1558,14.33,11.8
1558,14.33,11.53
1558,17.4,11.77
1558,20.33,13.67
1558,15.07,13.57
1558,16.27,14.37
1558,12.87,11.27
1558,13.2,11.83
1558,13.73,11.5
1558,15.23,13.23
1558,13.07,11.73
1558,20.23,13.4
1558,21.33,14.03
1558,95.5,42.67
1558,33.87,21.63
1558,14.33,12.83
1558,15.4,12.07
1558,11.4,10.33
1558,21.33,15.1
1558,13.62,10.5
1558,16.37,11.8
1558,12.47,10.38
1558,10.58,9.7
1558,9.83,8.83
1558,11.75,9.83
1558,11.85,9.55
1558,9.05,8.15
1558,9.83,8.93
1558,8.95,8.25
1558,8.7,8
1558,7.85,7.15
1558,8.6,7.92
1558,10.28,9.33
1558,10.48,9.45
1558,10.63,9.55
1558,9.55,8.65
1558,9.2,8.5
1558,8.4,7.6
1558,7.77,7.17
1558,12.93,7.6
1558,9.18,8.38
1558,10.05,9.05
1558,9.65,8.1
1558,8.15,6.97
1558,8.18,7.4
1558,7.47,6.87
1558,9.73,8
1558,8.38,7.35
1558,6.83,6.22
1558,7.53,6.83
1558,7.7,7
1558,9.23,7.58
1558,8.03,6.72
1558,7.3,6.78
1558,10.82,6.62
1558,9.55,7.58
1558,13.4,8.05
1558,11,7.87
1558,9.88,7.15
1558,13.3,8.25
1558,7.8,7.1
1558,7.95,6.92
1558,7.6,6.85
1558,7.97,6.85
1558,9.78,7.25
1558,7.5,6.67
1558,7.2,6.6
1558,7.08,6.55
1558,7.85,7.15
1558,7.9,6.6
1558,7.1,6.5
1558,10.93,8.3
1558,7.53,6.92
1558,8.4,7.37
1558,6.4,5.9
1558,9.33,8.5
1558,9.93,8.98
1558,11.75,7.17
1558,6.9,6.1
1558,9.13,6.12
1558,10.08,6.72
1558,10.7,6.6
1558,14.87,7.67
1558,12.07,7.12
1558,9.5,7.35
1558,43.73,15.43
1558,42.33,13.32
1558,6.3,5.7
1558,7.1,6.03
1558,12.4,8.58
1558,6.3,5.78
1558,5.95,5.45
1558,9.33,5.8
1558,5.3,4.9
1558,6.6,5.8
1558,5.67,5.17
1558,5.87,5.37
1558,6.03,5.2
1558,5.45,4.95
1558,6.45,5.5
1558,6.03,5.45
1558,6.05,5.55
1558,5.7,5.2
1558,5.67,5.17
1558,6.2,5.6
1558,5.55,5.03
1558,5.72,5.22
1558,7.37,6.72
1558,12.2,5.3
1558,7.25,5.08
1558,12.37,5.8
1558,5.67,5.05
1558,8.23,5.05
1558,7.2,6.5
1558,7.28,5.35
1558,6.05,5.45
1558,7.7,5.9
1558,6.75,6.05
1558,11.83,5.6
1558,5.4,5
1558,5.6,5.2
1558,6.97,5.53
1558,5.83,5.33
1558,6.97,5.7
1558,6.35,5.28
1558,5.67,5.17
1558,5.25,4.85
1558,4.78,4.37
1558,6.45,4.67
1558,9.4,5.78
1558,5.1,4.7
1558,5.33,4.72
1558,5.1,4.7
1558,5.37,4.87
1558,6.28,5.67
1558,5.67,5
1558,5.08,4.33
1558,7.4,4.25
1558,5.03,4.47
1558,6.45,4.45
1558,4.8,4.4
1558,9.2,5.7
1558,8.28,5.95
1558,7.22,4.5
1558,5.42,4.3
1558,4.3,4
1558,5.65,4.1
1558,4.75,4
1558,4.9,4.08
1558,7.08,4.67
1558,3.85,3.55
1558,5.58,3.7
1558,4.2,3.9
1558,4.47,4.17
1558,6.05,4.3
1558,6.85,4.22
1558,7.55,5.5
1558,4.5,4.08
1558,5.03,4.5
1558,4.85,4.45
1558,4.87,4.47
1558,4.65,4.25
1558,7,5.37
1558,5.23,4.73
1558,4.63,4.1
1558,4.37,3.8
1558,9.2,4.07
1558,7.9,5.2
1558,6.87,4.9
1558,7.2,5.67
1558,9.43,6.1
1558,8.23,6.1
1558,8.03,5.23
1558,7.83,3.9
1558,13.53,6.37
1558,8.17,5.1
1558,10.23,6.4
1558,8.87,5.57
1558,5.07,4.57
1558,10.83,6.53
1558,5.3,4.57
1558,6.93,4.9
1558,8.17,6.2
1558,7.5,5.17
1558,5.1,4.63
1558,5.03,4.4
1558,5.87,4.5
1558,5.83,4.63
1558,11.9,5.17
1558,8.5,5.03
1558,6.33,4.37
1558,7.1,4.5
1558,8.27,4.2
1558,4.9,4.1
1558,7.23,4.3
1558,11.67,4.4
1558,9.8,3.67
1558,4.33,3.33
1558,8.07,4.43
1558,9.7,4.4
1558,4.4,3.83
1558,6.13,4
1558,11.13,4.3
1558,11.37,3.93
1558,11.9,4.07
1558,4.73,3.2
1558,7.67,5.4
1558,9.97,4
1558,5.9,3.77
1558,5.53,3.5
1558,5.97,5.37
1558,9.53,4.27
1558,5.5,4.57
1558,9.2,5.3
1558,6.53,4.47
1558,9.73,6.53
1558,8.4,5.77
1558,10.03,5.43
1558,6.17,4.1
1558,7.5,5
1558,6.4,4.9
1558,9.37,5.17
1558,11.3,6.17
1558,5.17,4.67
1558,8.43,6.63
1558,10.27,6.2
1558,5.63,5.13
1558,6.7,5.87
1558,8.07,4.87
1558,9.7,5.27
1558,11,6.27
1558,5.1,4.6
1558,7.2,4.7
1558,8.77,6.37
1558,10.13,7.73
1558,12.03,7.6
1558,9.9,6.77
1558,7.43,6.17
1558,11.3,6.07
1558,7,5.87
1558,6.37,5.23
1558,9.33,7.8
1558,8.03,5.9
1558,9.4,7.33
1558,7.17,5.9
1558,8.7,6.8
1558,10.63,5.9
1558,9.2,6.17
1558,16.77,11.2
1558,9.2,7.17
1558,8.13,6.2
1558,10.43,7.13
1558,7.3,6.03
1558,15,11.2
1558,11.3,8.77
1558,8.23,5.87
1558,15.17,9.67
1558,7.6,4.13
1558,9.3,5.03
1558,18.13,11.23
1558,13.57,9.43
1558,8.87,6.9
1558,12.27,7.2
1558,11.23,7.97
1558,10.2,7.03
1558,11.47,8.5
1558,10.07,6.43
1558,8,6.9
1558,8.9,6.17
1558,8.97,6.47
1558,7.4,5.2
1558,6.73,5.4
1558,13.9,8.47
1558,20.83,13.33
1558,15.67,7.13
1558,8.43,5.7
1558,8.67,6.03
1558,12.37,6.73
1558,16.4,10.2
1558,8.9,6.7
1558,8.2,6.83
1558,8.47,6.47
1558,8.17,7.33
1558,8.03,6.5
1558,9.6,7.03
1558,12.4,8.07
1558,8.43,7.5
1558,10.57,9.03
1558,37.93,22.2
1558,14.63,11
1558,56.93,29.57
1558,7.57,6.3
1558,18.47,10.7
1558,27.6,15.6
1558,32.87,18.4
1558,15.37,12.7
1558,7.73,6.97
1558,7.43,6.03
1558,7.97,7.17
1558,10.57,7.93
1558,7.8,5.8
1558,7.5,6.07
1558,6.5,5.9
1558,7.33,5.1
1558,7.5,6.57
1558,6.43,5.9
1558,9.17,6.1
1558,7.07,5.63
1558,7.8,7.03
1558,9.47,8
1558,7.1,6.4
1558,7.37,6.67
1558,8.97,7.33
1558,10.17,8.43
1558,8.17,7.23
1558,8.3,7.4
1558,10.1,7.3
1558,8.73,7.63
1558,10.33,8.73
1558,7.07,6.43
1558,7.5,6.5
1558,8.27,6.67
1558,6.57,5.93
1558,7.2,6.5
1558,10.33,7.57
1558,12.4,10.67
1558,14.93,12.43
1558,18.57,13.33
1558,11.67,9.13
1558,10.83,9.37
1558,10.63,9.33
1558,7.53,6.73
1558,7.37,6.63
1558,8.07,7.23
1558,7.2,6.5
1558,11.1,9.2
1558,9.03,6.73
1558,6.37,5.67
1558,6.8,6.1
1558,7.17,6.17
1558,7.37,5.63
1558,6.83,5.9
1558,7.93,7.13
1558,9.1,8.2
1558,10.47,9.23
1558,12.5,9.73
1558,12.9,9.63
1558,10.37,9.23
1558,13.3,9.33
1558,10.1,8.87
1558,11.83,8.97
1558,12.77,9.93
1558,13.17,11.27
1558,11.17,9.37
1558,11.6,9.8
1558,11.1,9.77
1558,12.37,11.13
1558,12.07,10.77
1558,12.7,11.03
1558,12.43,10.57
1558,12.17,10.07
1558,11.73,10.4
1558,12.7,9.97
1558,15.27,11.27
1558,13.43,10.83
1558,17.03,11
1558,13.97,11.3
1558,14.6,11.93
1558,14.97,11.97
1558,15.73,12.1
1558,10.83,9.7
1558,13.33,10.83
1558,10.77,9.67
1558,11,9.9
1558,11.2,10.07
1558,10.7,9.3
1558,10.8,9.03
1558,10.83,9.77
1558,11.8,10.33
1558,13,11.03
1558,9.67,8.67
1558,10.17,9.17
1558,9.5,8.5
1558,8.37,7.67
1558,8.37,7.57
1558,7.77,7.07
1558,8.8,7.83
1558,7.77,7.07
1558,7.73,7.03
1558,8.5,7.03
1558,8.3,7.47
1558,7.33,6.63
1558,8.4,7.6
1558,7.7,7
1558,11.5,9.1
1558,9.1,8.2
1558,8.1,7.4
1558,8.43,7.63
1558,8.8,7.83
1558,8.93,8.13
1558,8.43,7.57
1558,8.37,7.57
1558,8.47,7.57
1558,8.5,7.7
1558,9.07,8.13
1558,8.5,7.7
1558,9.3,8.33
1558,9.2,7.53
1558,9.43,8.53
1558,9.57,8.2
1558,16,14.3
1558,12.97,11.67
1558,9.1,8.27
1558,9,8.2
1558,8.7,7.9
1558,9.8,8.9
1558,9.47,8.57
1558,8.83,7.9
1558,9.03,8.13
1558,8.97,7.57
1558,8.6,7.8
1558,11.37,8.1
1558,10.3,9.3
1558,9.7,8.8
1558,9.43,8.53
1558,9.37,8.37
1558,8.9,7.1
1558,7.9,7.2
1558,7.87,7.1
1558,8,7.13
1558,7.83,7.1
1558,8.67,7.87
1558,9.1,8.2
1558,8.57,7.67
1558,8.57,7.77
1558,8.37,7.6
1558,10.53,8
1558,8,7.3
1558,9.17,8.3
1558,10.53,9.53
1558,9.97,9
1558,9.7,8.7
1558,8.93,8.13
1558,9.83,8.83
1558,12.93,9.9
1558,12.33,11.03
1558,10.1,9.1
1558,10.63,9.57
1558,9.97,8.97
1558,11.43,9.1
1558,9.67,8.67
1558,9,8.1
1558,13.03,11.2
1558,11.67,9.63
1558,9.63,8.7
1558,9.6,8.7
1558,8.8,8
1558,10.1,9.1
1558,9.27,8.37
1558,9.53,8.53
1558,13.33,8.47
1558,9.1,8.3
1558,9.87,8.6
1558,9.67,8.7
1558,10.13,8.23
1558,10.03,7.6
1558,9.5,8.5
1558,8.73,7.83
1558,10.6,8.2
1558,12.57,8.7
1558,10.57,8.37
1558,9.8,8.4
1558,9.7,8.57
1558,10.73,9.2
1558,11.13,9.37
1558,10.77,8.2
1558,10.07,8.17
1558,9.47,8.47
1558,9.63,8.63
1558,10.27,8.7
1558,9.87,8.77
1558,9.57,8.53
1558,9.37,7.7
1558,8.63,7.83
1558,9.73,8.8
1558,10.3,9.23
1558,10.67,8.97
1558,9.93,9.03
1558,9.53,8.63
1558,9.83,8.87
1558,9.5,8.5
1558,10.1,8.57
1558,9.17,8.27
1558,9.83,8.83
1558,10.87,8.97
1558,10.37,8.9
1558,10.2,9.17
1558,11.03,8.43
1558,10.13,8.63
1558,10.67,8.77
1558,10.1,8.73
1558,10.93,8.33
1558,9.53,8.53
1558,10.33,8.83
1558,13.87,9.63
1558,11.7,9.2
1558,13.8,10.4
1558,14.73,10.63
1558,13.23,10.97
1558,14.77,10.93
1558,13.93,10.97
1558,10.63,9.53
1558,12.5,9.6
1558,11.23,9.93
1558,11.3,9.8
1558,11.57,9.9
1558,11.33,10.07
1558,13.37,11
1558,10.9,9.8
1558,11.9,9.8
1558,12.33,10.33
1558,13.1,9.9
1558,12.9,9.63
1558,11.7,9.9
1558,13.4,9.43
1558,11.73,9.67
1558,13.77,10.43
1558,11.83,9.53
1558,12.5,9.23
1558,11.2,10.1
1558,12.47,10.87
1558,17.47,12.43
1558,13.93,12.53
1558,15.63,12.53
1558,14.73,11.4
1558,13.23,11.2
1558,14.17,11.5
1558,15.2,11.3
1558,13.57,12.17
1558,14.63,11.9
1558,13.77,12.33
1558,14,11.23
1558,17.13,12.23
1558,12.37,11.03
1558,13.6,11.1
1558,12.23,10.13
1558,11.9,10.47
1558,12.23,10.8
1558,11.57,10.47
1558,11.8,10.53
1558,10.9,9.87
1558,12.1,11
1558,15.3,11.83
1558,16.03,14.47
1558,15.4,13.83
1558,16.27,13.87
1558,13.1,11.8
1558,11.77,10.77
1558,12.87,11.5
1558,13.3,11.9
1558,13.63,11.67
1558,16.97,11.6
1558,12.27,10.87
1558,11.93,10.83
1558,16.07,11.2
1558,12.73,10.7
1558,11.47,10.33
1558,13.5,10.87
1558,15,11.57
1558,19,12.83
1558,13.2,11.9
1558,14,11.7
1558,12.13,10.97
1558,11.5,10.4
1558,14.77,10.7
1558,11.63,10.53
1558,10.47,9.47
1558,10.53,9.53
1558,11.3,10.07
1558,10.1,9.07
1558,11.97,9.8
1558,10.03,8.33
1558,9.37,8.57
1558,9.2,8.33
1558,9.23,7.93
1558,8.9,8.1
1558,8.53,7.67
1558,9.17,7.67
1558,8.3,7.57
1558,8.4,7.27
1558,7.5,6.7
1558,7.73,7.13
1558,7.27,6.67
1558,8.2,7.5
1558,7.9,7.3
1558,8.27,7.57
1558,7.83,6.53
1558,6.8,6.3
1558,7.2,6.6
1558,7.8,7.17
1558,7.27,6.6
1558,7.53,6.83
1558,6.8,6.2
1558,7.33,6.63
1558,7.43,6.73
1558,6.9,6.2
1558,6.87,6.1
1558,6.77,6.2
1558,7.47,6.2
1558,10.37,7.4
1558,6.93,6.27
1558,6.5,5.93
1558,7.13,6.4
1558,6.53,5.93
1558,7.4,6.07
1558,8.13,7.2
1558,7.1,6.4
1558,9.23,6.83
1558,9.37,7
1558,8.63,7.5
1558,7.4,6.8
1558,8.03,7.12
1558,8.35,7.55
1558,9.08,8.2
1558,7.75,7
1558,10.25,7.4
1558,8.5,7.78
1558,11.4,7.3
1558,7.97,7.28
1558,7.78,7.05
1558,7.33,6.62
1558,10.95,9.85
1558,7.7,7
1558,8.25,6.47
1558,7.58,6.92
1558,8.48,7.72
1558,6.97,6.37
1558,7.2,6.57
1558,7.33,6.73
1558,7.3,6.6
1558,7,6.5
1558,6.55,6.05
1558,8.97,8.17
1558,9.58,8.55
1558,7.42,6.65
1558,7.87,7.12
1558,8.05,7.35
1558,9.38,8.28
1558,8.03,7.3
1558,8.25,7.45
1558,10.8,9.8
1558,8.65,7.45
1558,7.58,6.92
1558,7.37,6.78
1558,8.15,7.45
1558,8.45,7.55
1558,7.95,6.67
1558,8.2,7.2
1558,8.5,6.7
1558,7.4,6.8
1558,9.6,7.33
1558,7.73,7.1
1558,7.3,6.6
1558,7.43,6.73
1558,8.13,6.9
1558,7.4,6.8
1558,7.58,6.6
1558,14.87,13.32
1558,6.97,6.37
1558,34.1,27.33
1558,7.3,6.7
1558,7.03,6.43
1558,7.6,6.9
1558,8.1,7.37
1558,7.53,6.83
1558,8.4,7.7
1558,7.1,6.5
1558,7.1,6.5
1558,7.07,6.47
1558,10.2,6.47
1558,6.83,6.13
1558,7.97,5.73
1558,7.83,7.13
1558,7.53,6.83
1558,6.33,5.83
1558,6.53,5.8
1558,7.63,6.9
1558,5.6,5.13
1558,5.8,5.07
1558,6.43,5.9
1558,5.8,5.3
1558,6.43,5.43
1558,6.73,6.13
1558,6.37,5.67
1558,5.7,5.3
1558,6.57,5.13
1558,6.63,6.03
1558,7.83,6.4
1558,8.53,6.17
1558,6.47,5.87
1558,5.9,5.2
1558,6,5.23
1558,7.63,6.3
1558,8,7.2
1558,6.77,5.73
1558,7.03,5.73
1558,5.8,5.3
1558,5.47,4.77
1558,6.37,4.9
1558,6.17,5.07
1558,6.83,6.13
1558,9.23,6.57
1558,5.9,5.4
1558,6.87,5.17
1558,9.33,8.4
1558,6.5,5.63
1558,9,6.13
1558,6.53,5.9
1558,8.37,5.63
1558,7.87,6
1558,9.83,7
1558,7.73,6.9
1558,7,6.27
1558,19.67,14.47
1558,7.93,7.13
1558,7.73,6.93
1558,5.9,5.3
1558,6.63,5.2
1558,6.53,5.47
1558,6.03,5.53
1558,8.13,6.43
1558,6.7,6.1
1558,6.37,5.4
1558,6.9,5.9
1558,6.1,4.8
1558,5.6,5.1
1558,5.07,4.57
1558,7.23,4.9
1558,6.53,5.27
1558,6.93,5.13
1558,5.23,4.73
1558,7.33,5.77
1558,6.23,5.2
1558,6.23,5.3
1558,6.87,6
1558,6.2,5.03
1558,5.87,5.2
1558,5.33,4.93
1558,8.8,5.53
1558,5.87,5.27
1558,5.87,5.33
1558,5.87,5
1558,8.1,5.1
1558,5.67,5.17
1558,5.6,5.1
1558,4.73,4.23
1558,8.6,5.7
1558,6.57,5.17
1558,5.43,4.53
1558,5.13,4.6
1558,5.2,4.7
1558,6.43,5.5
1558,7.1,4.73
1558,5.17,4.7
1558,5.3,4.9
1558,5.6,5.1
1558,5.63,4.9
1558,5.57,5.07
1558,5.3,4.8
1558,5.47,4.93
1558,4.7,4.3
1558,5.23,4.73
1558,5.7,5.2
1558,5.03,4.57
1558,5.23,4.7
1558,5.97,4.97
1558,5.17,4.6
1558,4.57,4.17
1558,6.73,4.67
1558,5.3,4.8
1558,6.3,4.97
1558,6.53,5.5
1558,8.57,6.1
1558,6.17,4.97
1558,5.3,4.8
1558,5.3,4.8
1558,6.13,5.47
1558,8.63,4.9
1558,6.67,6.07
1558,8.73,6.8
1558,14.57,10.17
1558,7.7,6.07
1558,10.47,6.73
1558,9.63,4.7
1558,8.23,4.93
1558,5.67,4.8
1558,6.33,5.6
1558,5.67,5
1558,5.7,5.2
1558,6.6,5.5
1558,6.77,6.17
1558,7.47,6.53
1558,7.97,5.8
1558,6.5,5.7
1558,6.93,5.23
1558,7.7,5.33
1558,6.67,6.03
1558,8.03,6.13
1558,7.6,5.9
1558,7.53,6.2
1558,8.67,7.4
1558,9.43,6.53
1558,7.1,5.9
1558,6.23,5.57
1558,7.63,5.73
1558,7.07,6.03
1558,9.33,6.6
1558,10.3,6.13
1558,10.63,7.07
1558,7.8,6.23
1558,9.9,7.9
1558,11.47,7.37
1558,6.73,6
1558,16.47,9.6
1558,14.9,9.8
1558,7.63,5.87
1558,7.8,7
1558,7.27,6.57
1558,9.1,6.83
1558,7.6,6.9
1558,10.3,6.9
1558,7.7,6.9
1558,8.47,7.27
1558,8.63,7.63
1558,11.13,8.7
1558,12,8.43
1558,9.8,7.9
1558,11.73,8.53
1558,11.9,8.87
1558,11.23,9.1
1558,10.77,9.63
1558,21.83,16.43
1558,26.43,20.4
1558,25.53,17.67
1558,25.27,19
1558,25.47,18
1558,28.57,19.57
1558,27.27,19.2
1558,33.93,20.9
1558,41,27.63
1558,48.53,35.27
1558,39.57,28.83
1558,28.77,20.07
1558,29.87,22.6
1558,33.77,23.5
1558,20.63,16.2
1558,28.27,21.03
1558,23.07,17.23
1558,16.67,14
1558,17.7,13.47
1558,19.73,15
1558,14.6,12.77
1558,18.63,14.1
1558,16.2,13.5
1558,16.97,12.27
1558,16.27,13.83
1558,19.27,13.37
1558,18,13.6
1558,17.83,13.33
1558,19.9,13.17
1558,22.43,14.83
1558,9.77,7.93
1558,12.13,8.4
1558,17.4,11.57
1558,19.27,13.53
1558,16.53,13.1
1558,24.83,16.63
1558,25.83,19.63
1558,38.67,26.77
1558,29.3,22.2
1558,19.73,16.1
1558,20.33,14.93
1558,19.77,15.3
1558,20.23,14.9
1558,19.27,14.7
1558,16.8,12.97
1558,22.77,14.9
1558,27.33,16.9
1558,19.77,15.13
1558,19.63,13.63
1558,23.17,15.23
1558,19.03,13
1558,23.03,15.6
1558,19.93,14.73
1558,19.2,12.77
1558,19.8,13.8
1558,28.4,18.13
1558,29.9,19.53
1558,29.9,20.7
1558,33.1,21.07
1558,31.33,20.4
1558,32.93,21.63
1558,29.43,19.5
1558,35.07,22.73
1558,28.67,20
1558,32.33,21.27
1558,31.37,21.33
1558,35.67,21.57
1558,33.03,21.57
1558,32.3,21.77
1558,34.13,22.7
1558,28.9,21
1558,33.73,22.1
1558,34.67,23.93
1558,30.23,22.93
1558,37.4,26.5
1558,31.8,23.3
1558,36.77,24.33
1558,35.3,24.6
1558,47.23,30.73
1558,39.63,26.73
1558,41.23,26.97
1558,40.77,27.93
1558,41.87,28.33
1558,32.03,23.4
1558,33.1,21.93
1558,27.7,20.5
1558,27.7,18.97
1558,26.43,17.93
1558,23.3,17.87
1558,26.83,18.57
1558,25.4,18.8
1558,25.83,18.2
1558,24.3,17.4
1558,28.33,18.43
1558,23.8,17.37
1558,24.23,17.73
1558,26.33,18.33
1558,23.97,17.2
1558,23.8,16.47
1558,22.83,16.23
1558,20.93,16.2
1558,21.13,16.57
1558,22.87,16.63
1558,22.97,17.1
1558,21.6,17.37
1558,28.5,19.87
1558,24.47,18.27
1558,26.77,19.17
1558,28.3,18.43
1558,26.77,18.73
1558,25.57,18.5
1558,28.1,20.3
1558,26.6,18.87
1558,25.53,18.7
1558,24.8,17.9
1558,26.77,18.1
1558,27.93,18.43
1558,25.07,17.5
1558,23.83,17.77
1558,26.03,18.83
1558,31.4,20
1558,28.03,19.4
1558,27.53,19.43
1558,26.4,19.07
1558,26.63,18.67
1558,25.27,17.77
1558,23.3,17.5
1558,27.1,17.43
1558,26.2,17.23
1558,21.67,16.8
1558,26.63,17.4
1558,24.27,16.8
1558,24.5,17.43
1558,20.97,16
1558,22.23,16.37
1558,23.33,16.67
1558,21.03,15.03
1558,21.77,15.23
1558,20.07,15.67
1558,25.47,16.17
1558,21.7,15
1558,16.47,12.77
1558,16.23,13.2
1558,19.4,15.2
1558,16.37,14.07
1558,16.2,12.93
1558,15.97,11.67
1558,12.9,11.43
1558,13.6,11.03
1558,15,10.97
1558,13.17,10.93
1558,14.4,11.13
1558,13.77,10.7
1558,13.6,11
1558,14,11.2
1558,14.6,11.17
1558,15.37,10.63
1558,14.03,10.47
1558,14.53,11.5
1558,15,11.3
1558,13.47,10.3
1558,13.4,11.3
1558,13.37,10.7
1558,14.23,11.87
1558,16.3,12.07
1558,15.07,11.9
1558,18.63,12.87
1558,15.33,11.53
1558,14.73,12.07
1558,13.77,11.6
1558,15.63,12.6
1558,17.6,12.5
1558,17.5,12.53
1558,15.27,12.57
1558,15.5,12
1558,16.53,12.7
1558,16.9,12.8
1558,16.03,12.57
1558,17.1,11.53
1558,16.27,12.37
1558,18.4,12.47
1558,15.1,11.7
1558,14.93,11.73
1558,17.13,13.07
1558,13.53,12.1
1558,17.03,12.67
1558,15.8,12.67
1558,15.93,12.37
1558,16.9,12.93
1558,16.7,12.93
1558,17.53,13.13
1558,17.17,12.77
1558,16.23,12.8
1558,17.47,13.03
1558,18.23,13.1
1558,15.73,12.9
1558,18.67,13.7
1558,21.73,15.07
1558,22.1,15.33
1558,20.37,15.27
1558,20.1,15.1
1558,18.17,14.57
1558,19.37,15.47
1558,19.8,15.4
1558,18.9,14.8
1558,21.57,16.53
1558,24.2,18.57
1558,26.43,21.03
1558,29.53,21.9
1558,25,19.57
1558,24.37,19.13
1558,25.1,19.27
1558,21.67,17.87
1558,23.73,16.87
1558,23.83,16.8
1558,19.63,16.17
1558,21.53,16.63
1558,21.4,16.53
1558,20.17,16.27
1558,21.57,15.7
1558,21.73,16.33
1558,23.53,15.57
1558,20.93,16.73
1558,19,16
1558,18.5,15.13
1558,18.2,14.13
1558,18.7,14.37
1558,21.33,15.03
1558,20.67,16.3
1558,24.7,17.03
1558,23.13,16.4
1558,22.6,17.9
1558,23.47,16.1
1558,25.43,17.07
1558,19.1,14.53
1558,20.27,15.27
1558,17.7,14.63
1558,20.73,16.03
1558,20.67,15.4
1558,16.67,14.3
1558,18.13,13.63
1558,16.9,13.9
1558,18.37,14.07
1558,19.03,15.17
1558,22.7,15.77
1558,18.13,14.97
1558,19.27,15.03
1558,20.5,15.73
1558,21.1,14.5
1558,20.07,15.47
1558,18.17,14.93
1558,23.33,15.5
1558,19.5,15.87
1558,19.93,15.13
1558,23.4,16.63
1558,22.1,16.3
1558,22.77,17.37
1558,22.17,18.13
1558,23.17,17.83
1558,23.07,18.7
1558,22.07,16.43
1558,22.1,15.13
1558,22.93,17.4
1558,22.43,19.43
1558,20.77,18.23
1558,19.83,17.33
1558,18.03,15.4
1558,18.6,16.67
1558,17.23,15.3
1558,17.43,15.27
1558,17.03,14.5
1558,15.03,13.43
1558,16.3,13.4
1558,15.63,14
1558,15.7,13.93
1558,18.3,14.5
1558,17.93,15.93
1558,18.13,16.3
1558,16.63,14.8
1558,16.8,15.1
1558,16.93,15.33
1558,17.7,15.8
1558,17.63,15.93
1558,17.43,14.93
1558,16.17,14.57
1558,18.07,15.43
1558,16.4,14.83
1558,18.33,15.97
1558,18.93,16.5
1558,20.87,18.87
1558,18.43,16.4
1558,18.03,16.4
1558,18,16.2
1558,18.27,16.47
1558,19.13,17.2
1558,18.77,17.07
1558,20,18.1
1558,18.9,16.97
1558,18.33,16.57
1558,18.83,17.13
1558,20.37,18.33
1558,20.5,18.6
1558,20.17,18.3
1558,22.6,18.17
1558,20.2,18.2
1558,23.47,18.8
1558,19.97,18.03
1558,20.63,18.53
1558,21.1,19.2
1558,21.93,19.83
1558,21.93,19.73
1558,21.17,19.1
1558,22.17,19.9
1558,24.1,21.6
1558,21.73,19.5
1558,22.9,20.87
1558,22.37,20.17
1558,20.03,18.23
1558,19.13,17.27
1558,21.67,19.57
1558,19.97,18.17
1558,20.93,19
1558,20.57,18.67
1558,20.37,18.6
1558,22.7,20.57
1558,24.55,22.35
1558,28.52,25.75
1558,23.4,21.1
1558,23.73,21.52
1558,24.32,22.02
1558,23.45,21.2
1558,22.13,20.12
1558,22.3,20.37
1558,21.7,19.55
1558,22.05,20.17
1558,21.75,19.75
1558,20.62,18.52
1558,20.82,19.07
1558,23.4,21.1
1558,19.92,18.07
1558,21.57,19.4
1558,20.4,18.48
1558,22.37,20.05
1558,21.15,19.15
1558,19.67,17.92
1558,19.98,18.37
1558,24.32,22
1558,19.42,17.57
1558,19.35,17.6
1558,19.85,18.05
1558,19.05,17.2
1558,17.45,15.83
1558,17.05,15.45
1558,20.62,18.48
1558,16.4,15
1558,14.23,12.93
1558,13.85,12.28
1558,12.8,11.7
1558,12.93,11.83
1558,11.9,10.78
1558,11.4,10.4
1558,10.7,9.7
1558,9.35,8.55
1558,13.1,11.9
1558,11.68,10.28
1558,9.95,9.05
1558,9.85,8.88
1558,9,8.08
1558,9.75,8.95
1558,9.65,8.85
1558,9.08,8.28
1558,9.88,8.88
1558,9.18,8.33
1558,9.43,8.58
1558,8.28,7.55
1558,9.13,8.2
1558,8.63,7.8
1558,7.7,7.1
1558,8.1,7.3
1558,7.78,7.1
1558,7.5,6.9
1558,7.62,6.92
1558,7.62,6.92
1558,8.8,8.05
1558,7.75,7.1
1558,7.6,6.53
1558,7.45,6.85
1558,7.4,6.7
1558,6.72,6.22
1558,7.87,7.12
1558,6.87,6.28
1558,6.78,6.12
1558,6.72,6.2
1558,8.83,6.85
1558,6.85,6.22
1558,6.7,6.1
1558,7.08,6.58
1558,6.4,5.9
1558,7.08,6.45
1558,8.73,8.03
1558,7.5,6.9
1558,7.03,6.2
1558,10.13,7.97
1558,6.7,6.17
1558,6.15,5.55
1558,6.45,5.65
1558,6.5,6
1558,7.22,6.65
1558,5.87,5.15
1558,6.42,5.9
1558,6.55,6.05
1558,6.83,6
1558,6.7,6
1558,7.12,6.17
1558,6.7,6.1
1558,6.37,5.87
1558,7.03,6.37
1558,7.25,6.45
1558,6.25,5.65
1558,6.72,6.1
1558,6.95,6.35
1558,7.58,6.97
1558,6.83,6.28
1558,7.6,6.83
1558,6.67,6.07
1558,6.8,6.2
1558,6.1,5.6
1558,6.9,6.2
1558,6,5.5
1558,6.63,6.03
1558,6.57,5.7
1558,7.1,6.23
1558,6.57,5.87
1558,5.9,5.4
1558,6.83,6.13
1558,6.63,6.03
1558,6.53,5.93
1558,7.77,5.83
1558,7.83,6.3
1558,6.23,5.63
1558,6,5.5
1558,6.1,5.6
1558,6.43,5.83
1558,6.5,6
1558,7.63,6.33
1558,12.7,11.5
1558,8.4,6.1
1558,6.77,6.1
1558,6.33,5.7
1558,7.1,6.4
1558,6.33,5.73
1558,6.33,5.73
1558,6,5.5
1558,6.2,5.6
1558,6.4,5.83
1558,6.27,5.6
1558,6.5,5.9
1558,6.33,5.53
1558,6.7,6.1
1558,6.7,6.07
1558,6.73,6.1
1558,6.1,5.6
1558,6.33,5.73
1558,6.77,6.07
1558,6.27,5.67
1558,6.77,6.13
1558,6.2,5.7
1558,6.03,5.53
1558,5.9,5.4
1558,6.3,5.77
1558,6.2,5.67
1558,6,5.4
1558,6.2,5.7
1558,6.13,5.47
1558,6.3,5.7
1558,6.03,5.5
1558,9.2,6.6
1558,6,5.5
1558,6.5,5.9
1558,5.73,5.23
1558,6.47,5.87
1558,7.57,5.57
1558,6.33,5.73
1558,6.3,5.67
1558,8.73,6.93
1558,7.53,6.83
1558,10.7,8.77
1558,6.4,5.8
1558,6,5.4
1558,7.3,5.77
1558,7.13,5.4
1558,7.4,5.07
1558,6.6,6
1558,5.83,5.33
1558,6.57,5
1558,6.53,5.87
1558,5.87,5.37
1558,6.63,5.53
1558,7.23,5.83
1558,6.83,6.23
1558,5.83,5.3
1558,8.7,7
1558,6.23,5.63
1558,7.87,5.77
1558,5.77,5.13
1558,6.23,5.47
1558,8.1,5.43
1558,6.3,5.7
1558,5.8,5.07
1558,6.67,5.7
1558,8.7,7.53
1558,7.7,6.1
1558,5.53,5.03
1558,6.37,5.77
1558,7.27,5.43
1558,6.17,5.27
1558,5.77,5.27
1558,6.27,5.27
1558,5.97,5.4
1558,5.8,5.2
1558,5.9,5.3
1558,6.17,5.57
1558,5.77,5.23
1558,5.33,4.83
1558,9.33,5.9
1558,6.87,5.97
1558,5.77,5.27
1558,6.3,5.67
1558,8.57,6.6
1558,6.27,5.37
1558,6.33,5.73
1558,6.5,5.9
1558,5.67,5.13
1558,7.23,6
1558,6.7,6.1
1558,7.73,6.5
1558,6.63,5.77
1558,7.5,5.27
1558,25.4,9.57
1558,18.73,8.83
1558,16.7,7.67
1558,13,7.23
1558,9.17,6.97
1558,8.83,7.03
1558,9.93,7.7
1558,12.73,8.5
1558,12.43,8.87
1558,10.97,9.17
1558,10.97,9.33
1558,11.33,8.63
1558,11.87,9.23
1558,9.8,8.23
1558,12.37,9.1
1558,11.57,8.87
1558,13.5,9.4
1558,11.4,8.67
1558,16.27,10.97
1558,16.47,13.13
1558,16.87,12.57
1558,24.3,19.07
1558,25.5,19.6
1558,23.13,17.33
1558,29.9,21.5
1558,34,24.27
1558,37.07,27.7
1558,41.97,30.1
1558,35.87,26.47
1558,28.13,19.97
1558,25.23,19
1558,33.9,26.33
1558,24.9,18.53
1558,38.27,26.7
1558,35.1,26.13
1558,40.33,27.6
1558,41.2,31.03
1558,44.53,33.17
1558,35.13,25.5
1558,33.5,26.43
1558,35.8,24.73
1558,44.37,30.07
1558,46.23,31.57
1558,49.67,35.67
1558,49.77,34.57
1558,48.13,35.13
1558,34.03,24.1
1558,28,20.03
1558,33.1,21.9
1558,44.17,27.93
1558,55.5,35.5
1558,40.97,26.6
1558,47.73,32.37
1558,25.5,18.17
1558,33.4,23.5
1558,25,19.37
1558,30.27,22.3
1558,26.73,18.27
1558,25.47,15.97
1558,30.07,18.8
1558,22.47,17.17
1558,22.17,17.13
1558,21.73,16.37
1558,20.73,15.67
1558,23.4,15.17
1558,16.2,13.23
1558,15.8,13.3
1558,14.2,11.13
1558,16.3,12.27
1558,19.23,12.43
1558,15.37,10.43
1558,13.23,10.23
1558,14.33,10.33
1558,14.63,10.53
1558,16.27,11.47
1558,14.87,11.03
1558,12.5,10.53
1558,11.03,9.67
1558,13.17,10.53
1558,13.47,9.87
1558,10.4,9.3
1558,13.4,10.07
1558,12.83,11.33
1558,12.57,10.37
1558,13,10.3
1558,14.03,11.03
1558,16.4,12.27
1558,17.43,13.03
1558,18.87,13.73
1558,19.8,14.27
1558,19.8,16.4
1558,27.7,18.47
1558,29.83,18.4
1558,22.97,17.07
1558,25.93,17.5
1558,26.47,18.27
1558,25.97,19.23
1558,27.17,19.1
1558,25.77,18.73
1558,18.87,15.1
1558,17.9,13.4
1558,16.4,12.4
1558,16.77,13.6
1558,16.87,12.3
1558,17.5,13.07
1558,14.93,12
1558,21.6,14.83
1558,15.6,11.27
1558,14.03,10.9
1558,14.8,10.83
1558,14.3,10.6
1558,13.4,10.4
1558,13.03,9.83
1558,11.8,9.33
1558,15.2,11.7
1558,15,11.83
1558,17.47,12.37
1558,20.6,15.13
1558,23.47,16.3
1558,17.2,13.23
1558,18.33,13
1558,17.73,12.97
1558,12.87,8.13
1558,10.83,8.97
1558,11.23,8.9
1558,10.83,7.8
1558,12.67,9.23
1558,11.9,8.7
1558,11.5,8.5
1558,8,7.3
1558,9.53,8.13
1558,9.3,8.07
1558,10.63,8.67
1558,10.67,8.9
1558,12.07,9.1
1558,14.5,10.37
1558,14.47,10.5
1558,14.9,11.17
1558,15.63,9.73
1558,11.77,9.53
1558,16.4,10.83
1558,10.57,8.97
1558,12.93,9.4
1558,8.53,7.63
1558,13.03,10.67
1558,10.27,8
1558,8.9,8
1558,8.27,7.2
1558,8.5,7.53
1558,8.23,7.07
1558,8.53,7.4
1558,7.87,7.07
1558,9.3,7.43
1558,9.07,8
1558,11.77,8.3
1558,11.03,8.33
1558,13.07,9.33
1558,12.6,10.13
1558,10.57,8.67
1558,12.23,8.9
1558,11.73,9.4
1558,21.43,14.3
1558,13.87,11.27
1558,14.93,11.7
1558,11.43,9.17
1558,12.37,9.3
1558,12.7,10.03
1558,11.7,9.23
1558,10.53,9.3
1558,25.33,18.8
1558,14.87,11.6
1558,16,11.3
1558,13.6,11.2
1558,14.87,11.33
1558,16.23,12.3
1558,15.7,12.37
1558,16.33,11.83
1558,16.47,11.93
1558,17.13,11.37
1558,15.8,10.87
1558,14.03,10.73
1558,16.27,12
1558,18.83,14.7
1558,14.4,10.47
1558,13.4,11.07
1558,18.07,12.07
1558,15.7,11.03
1558,15.1,11.13
1558,19.6,13
1558,13.1,11.6
1558,15.67,12.3
1558,13.77,10.7
1558,16.13,11.6
1558,13.53,10.73
1558,16.7,12.53
1558,14.7,11.33
1558,15.27,11.5
1558,16.7,13.03
1558,18.57,12.8
1558,17.47,12.07
1558,15.63,11.83
1558,17.33,13.03
1558,17.87,12.53
1558,26.93,14.17
1558,19.1,13.57
1558,16.53,12.43
1558,23.97,13.37
1558,18.87,12.97
1558,46.5,30.17
1558,29.13,20.93
1558,24.57,17.83
1558,21.73,14.73
1558,18.13,13.6
1558,42.7,27.7
1558,23.13,17.4
1558,21.73,17.03
1558,17.83,14.1
1558,18.47,12.57
1558,20.47,14.17
1558,17.27,12.63
1558,17.27,12.97
1558,20.03,13.9
1558,18.53,13.5
1558,19.43,13.43
1558,18.67,13.77
1558,25.73,14.37
1558,18.77,13.43
1558,21.5,14.8
1558,23.6,14.87
1558,20.6,14.5
1558,24.73,15.17
1558,22,14.13
1558,21.4,15.1
1558,18.67,13.67
1558,21.47,14.27
1558,20.23,15.33
1558,19.47,15.03
1558,20.83,14.13
1558,18.8,13.97
1558,17.9,13.77
1558,16.57,13.5
1558,18.13,13.6
1558,18.8,13.97
1558,25.17,15.1
1558,17.83,14.23
1558,19.83,12.9
1558,21.6,14.23
1558,21.27,14.2
1558,21.13,13.17
1558,17.87,13.3
1558,17.4,13.13
1558,21.6,13.3
1558,19.67,14.13
1558,22.2,14.13
1558,23.43,13.9
1558,23.93,14
1558,22.17,15.6
1558,26,16.83
1558,25.97,17.43
1558,27.2,16.53
1558,23.43,16.57
1558,26.4,17.37
1558,24.6,17.1
1558,21.53,15.8
1558,19.53,14.37
1558,20.93,14.37
1558,22.53,13.37
1558,21.93,13.43
1558,21.13,13.27
1558,19.4,14.47
1558,31.1,15.93
1558,32.8,15.87
1558,26.6,15.57
1558,22.47,14.53
1558,24.87,12.5
1558,21.3,13.03
1558,18.17,12.6
1558,18.37,12.3
1558,25.17,13.13
1558,16.63,12.27
1558,19.23,11.73
1558,20.97,12.97
1558,21.03,12.87
1558,15.53,13.1
1558,19.37,13.77
1558,17.77,12.3
1558,16.17,11.87
1558,18.5,11.53
1558,16.53,12.7
1558,21.6,12.67
1558,17.9,12.13
1558,18.1,13.2
1558,18.13,12.63
1558,15.8,12.4
1558,17.23,11.47
1558,16.87,12.2
1558,17.13,12.27
1558,17.57,12.2
1558,14.13,12.5
1558,14.73,11.93
1558,14.9,10.97
1558,15.17,11.57
1558,17,12.7
1558,18.53,14
1558,16.53,13.03
1558,25.23,16.2
1558,21,17.27
1558,18.2,13.5
1558,21.17,15.27
1558,17,15.3
1558,17.83,15.83
1558,23.8,18.07
1558,18.67,16.17
1558,22.53,17.23
1558,23.23,18.8
1558,27.9,19.67
1558,23.67,19.4
1558,24.8,19.43
1558,23.77,19.2
1558,23.17,18.73
1558,25.17,19.27
1558,23.23,18.5
1558,22.43,19.17
1558,22.2,19.1
1558,26.13,19.87
1558,23.53,19.5
1558,22.6,19.2
1558,22.1,19.77
1558,23.93,19.3
1558,24.23,20.7
1558,22,19.43
1558,22.23,19.67
1558,22.8,20.57
1558,23.73,19.27
1558,22.17,17.53
1558,17.3,14.4
1558,16.47,13.9
1558,15.3,13.73
1558,17.77,14.87
1558,15.9,14.3
1558,16.53,14.83
1558,16.47,14.37
1558,15.4,13.83
1558,15.32,13.88
1558,16.82,14.9
1558,20.27,15.63
1558,15.72,14.25
1558,15.28,13.68
1558,14.6,13.2
1558,13.85,12.25
1558,14.13,12.43
1558,13.53,12.23
1558,12.9,11.6
1558,12.8,11.53
1558,13.78,12.33
1558,14.87,13.32
1558,14.55,13.15
1558,13.55,12.28
1558,13.35,12.13
1558,12.65,11.55
1558,12.8,11.5
1558,12.55,11.2
1558,12.13,11
1558,13.55,12.25
1558,12.85,11.57
1558,13.72,12.37
1558,13.8,12.5
1558,13.4,12.15
1558,14.65,13
1558,14.6,12.93
1558,13.98,12.43
1558,12.95,11.75
1558,12.78,11.63
1558,13.43,12.1
1558,12.28,11.28
1558,13.4,10.95
1558,11.68,10.63
1558,11.45,10.43
1558,10.8,9.7
1558,10.65,9.7
1558,10.7,9.8
1558,10.93,10
1558,10.85,9.9
1558,10.68,9.68
1558,10.4,9.38
1558,11.6,10.45
1558,10.5,9.43
1558,11.15,10.25
1558,10.72,9.83
1558,10,9.18
1558,9.55,8.7
1558,10.08,9.15
1558,10.15,8.63
1558,10.88,9.73
1558,11.55,9.1
1558,11.97,10.8
1558,10.32,9.43
1558,11.35,10.25
1558,10.35,9.28
1558,8.85,7.95
1558,10.58,8.78
1558,10.78,9.7
1558,9.8,8
1558,10.15,8.33
1558,9.53,8.73
1558,9.4,7.67
1558,9.53,8.5
1558,10.45,8.63
1558,10.1,8.65
1558,9.13,8.18
1558,9.53,8.4
1558,8.98,8.18
1558,11.12,9.38
1558,9.58,8.5
1558,9.63,8.83
1558,11.5,8.1
1558,9.5,8.55
1558,9.23,8.5
1558,9.08,8.3
1558,8.08,7.37
1558,9.25,8.48
1558,9.88,9.08
1558,9.43,8.23
1558,9.63,8.5
1558,9.85,8.85
1558,9.55,8.65
1558,10.23,9.43
1558,9.85,9.05
1558,12,11
1558,10.1,9.15
1558,9,8.2
1558,12.82,9.85
1558,9.68,8.75
1558,8.1,7.35
1558,9.15,8.35
1558,9.15,8.25
1558,8.58,7.62
1558,9.95,9
1558,9.25,8.55
1558,9.98,9.03
1558,8.88,8.05
1558,8.78,7.97
1558,10.32,9.35
1558,10.63,9.15
1558,11.43,10.43
1558,11.05,8.53
1558,8.9,8.2
1558,9.13,8.33
1558,10.32,8.7
1558,8.83,8.18
1558,9.75,8.78
1558,9.33,8.4
1558,9.1,8.4
1558,9.7,8.4
1558,9,8.1
1558,8.58,7.83
1558,8.3,7.7
1558,9.3,8.1
1558,9.03,8.23
1558,9.55,8.7
1558,8.53,7.83
1558,8.45,7.72
1558,8.65,7.85
1558,8.7,7.8
1558,8.5,7.7
1558,8.23,7.53
1558,8.15,7.35
1558,8.65,7.9
1558,8.03,7.28
1558,9.73,8.7
1558,8.05,7.35
1558,7.85,7.15
1558,7.4,6.85
1558,8.08,7.33
1558,7.67,6.97
1558,9.95,7.42
1558,8.98,8.1
1558,8.48,7.67
1558,8.93,7.9
1558,7.37,6.77
1558,7.8,7
1558,9,8.1
1558,8.4,7.07
1558,8.57,7.6
1558,7.7,7
1558,9.33,7.37
1558,7.53,6.83
1558,8.1,7.1
1558,7.6,6.9
1558,8.33,6.47
1558,8.87,7.67
1558,7.87,7.17
1558,7.83,7.03
1558,9.7,7.03
1558,11,6.8
1558,8.17,7.43
1558,7.3,6.6
1558,7.73,7.03
1558,8,7
1558,7.83,7.2
1558,7.47,6.87
1558,8,7.17
1558,7.37,6.67
1558,10.73,6.9
1558,9.6,7
1558,10.87,7
1558,7.5,6.8
1558,9.27,6.83
1558,7.43,6.73
1558,8.33,7.17
1558,6.53,5.93
1558,7.83,7.03
1558,7.27,6.57
1558,9.57,6.87
1558,9.6,7.3
1558,7.7,6.9
1558,7.3,6.6
1558,8.3,7.33
1558,7.83,7.03
1558,9.2,6.9
1558,8.63,7.33
1558,7.8,7.03
1558,7.7,6.8
1558,9.23,7.8
1558,8.37,7.4
1558,8.7,7.57
1558,10.63,7.1
1558,9.13,7.83
1558,11.97,8.43
1558,12.33,8.77
1558,10.33,8.47
1558,10.43,8
1558,10.73,8.5
1558,9.77,8.07
1558,8.6,7.73
1558,11.77,8.53
1558,9.13,7.53
1558,9.4,8.5
1558,9.43,7.87
1558,12.87,8.03
1558,8.77,7.9
1558,8.3,7.4
1558,9.97,8.03
1558,11.33,8.53
1558,8.63,7.4
1558,11.9,8.1
1558,8.07,7.27
1558,9.33,7.73
1558,8.97,7.13
1558,8.77,7.87
1558,8.8,7.9
1558,10.37,8.63
1558,10.77,9.47
1558,12.37,9.9
1558,13.57,9.57
1558,16.43,10.97
1558,12.23,9.93
1558,14.47,9.87
1558,15.13,9.73
1558,8.93,8.03
1558,11.57,9
1558,10.27,8.93
1558,12.5,8.43
1558,10.27,9.2
1558,10.07,7.83
1558,9.97,8.2
1558,8.5,7.4
1558,9.8,8.63
1558,16.3,10.17
1558,13.4,8.93
1558,11.2,9
1558,11.77,9.27
1558,9.13,8.07
1558,10.73,8.4
1558,12,8.43
1558,11.3,8.5
1558,11.43,8.9
1558,11,8.53
1558,9.8,8.63
1558,11.53,8.67
1558,12.07,7.9
1558,11.23,9.8
1558,9.83,8.83
1558,12.33,9.1
1558,11.67,9.23
1558,14.17,9.63
1558,12.5,9.93
1558,13.3,9.97
1558,12.57,10.1
1558,12.93,10.3
1558,12.53,9.7
1558,12.5,10.6
1558,15,11.4
1558,13.63,10.63
1558,16.67,11.27
1558,12.4,10.17
1558,13.5,10.93
1558,16.93,10.57
1558,14.63,10.13
1558,11.93,8.63
1558,12.03,10.67
1558,13.47,9.8
1558,11.03,9.83
1558,11.63,10
1558,12.77,10.2
1558,10.5,9.23
1558,11,9.7
1558,12.13,10.1
1558,12.23,10.83
1558,12.2,9.3
1558,12,10.17
1558,11.3,9.47
1558,12,9.47
1558,12.93,9.2
1558,9.3,8.3
1558,9.17,8.27
1558,12.47,9.23
1558,12.93,10.63
1558,12.67,10.53
1558,14.1,9.77
1558,12.83,10.53
1558,12.83,9.97
1558,15.13,9.37
1558,12.53,10.03
1558,11.27,9.97
1558,12.03,9.8
1558,10.4,9.3
1558,12,9
1558,10.63,8.3
1558,11.77,8.4
1558,10.43,8.6
1558,11.7,9.23
1558,11.17,9.6
1558,11.87,9
1558,12.03,9.9
1558,13.1,9.83
1558,12.67,9.6
1558,14.43,10.13
1558,11.27,10.17
1558,9.57,7.9
1558,10.87,9.73
1558,12.27,9.7
1558,10.9,9.23
1558,12.97,10.9
1558,10.17,9
1558,11.7,10.5
1558,9.77,8.1
1558,11.17,9.17
1558,12.87,9.93
1558,13.97,11.27
1558,12.87,10.87
1558,11.07,8.7
1558,12.6,10.8
1558,11.2,9.67
1558,13.37,11.2
1558,12.1,10.8
1558,16.33,11.27
1558,13,11.07
1558,13.8,10.5
1558,12.07,9.17
1558,10.97,9.8
1558,11.8,10.6
1558,13.13,11.83
1558,12.57,10.93
1558,12.57,11.27
1558,13.37,11.13
1558,12.47,11.17
1558,14.87,11.5
1558,15.73,10.9
1558,12.87,10.93
1558,12.87,10.6
1558,11.27,10.03
1558,11.23,10
1558,10.7,8.73
1558,12.23,9.93
1558,13.97,9.67
1558,13.57,10.8
1558,12.2,11
1558,13.47,11.43
1558,12.67,9.27
1558,11.67,10.57
1558,11.87,9.97
1558,11.77,10.2
1558,12.37,9.77
1558,11.1,9.8
1558,10.4,9.27
1558,15.53,10.4
1558,10.07,8.83
1558,13.6,10.33
1558,12.8,10.1
1558,10.5,9.33
1558,11.1,9.8
1558,12.43,10.1
1558,10.97,9.23
1558,13.8,10.07
1558,11.23,10.07
1558,10.3,9.1
1558,11.77,10
1558,11.43,9.07
1558,9.23,8.2
1558,10.13,9.1
1558,9.6,8.6
1558,8.2,7.37
1558,10.17,8.27
1558,9.7,8.4
1558,10.13,8.9
1558,10.07,8.23
1558,10.07,8.07
1558,11.13,9
1558,10.57,9.47
1558,10.23,8.43
1558,8.83,7.83
1558,8.73,7.83
1558,10.93,8
1558,8.93,7.37
1558,8.9,7.73
1558,9.23,8.33
1558,10.07,8.67
1558,10.13,8.1
1558,10.53,8.2
1558,9.1,8.2
1558,10.03,8.07
1558,8.43,7.57
1558,12.1,8.6
1558,11.33,8.8
1558,8.7,7.8
1558,8.57,7.37
1558,9.03,7.27
1558,7.37,6.6
1558,8.9,8
1558,9.27,8.23
1558,9.5,7.63
1558,8.73,7.83
1558,8.63,7.83
1558,9.13,8.17
1558,11.3,7.27
1558,9.27,7.97
1558,8.6,7.37
1558,9.93,7.8
1558,8.03,6.7
1558,8.47,7.6
1558,8.7,7.8
1558,8.67,7.67
1558,8.9,7.73
1558,9.2,7.6
1558,10.43,7.1
1558,11.47,8.43
1558,8.5,7.6
1558,8.93,7.83
1558,9.93,7.67
1558,9.13,7.97
1558,10.73,7.7
1558,9.87,7.7
1558,9.53,8.03
1558,10.97,9.37
1558,10.7,7.93
1558,9.17,8.03
1558,10.4,8.47
1558,10.13,7.57
1558,10.03,7.53
1558,10.3,8.27
1558,11.97,9.03
1558,9.1,8.2
1558,10.93,8.4
1558,11.2,8.37
1558,13,8.7
1558,10.17,7.43
1558,8,7.2
1558,9.53,8.2
1558,10.83,8.43
1558,11.7,8.73
1558,9.8,8.83
1558,10.23,8.97
1558,10.63,8.47
1558,9.87,8.87
1558,9.5,8.5
1558,11.37,8.53
1558,9.87,8.4
1558,9.47,8.53
1558,10.1,8.47
1558,10.67,8.17
1558,11.3,7.87
1558,9.7,8.7
1558,9.83,8.2
1558,9.97,8.23
1558,12.83,8.87
1558,11.63,8.9
1558,11.47,9
1558,11,8.8
1558,10.5,8.8
1558,10.83,8.07
1558,9.47,8.53
1558,9.83,8.63
1558,10.8,8.9
1558,10.3,8.67
1558,12.23,9.3
1558,13.07,9.33
1558,10,8.73
1558,10.43,8.33
1558,11.97,9.1
1558,13.4,9.7
1558,10.13,8.7
1558,10.37,8.4
1558,9.13,8.2
1558,11.1,8.93
1558,11.37,9.3
1558,11.37,9.33
1558,9.67,8.67
1558,9.97,8.73
1558,10.23,8.5
1558,13.23,9.23
1558,15,9.37
1558,11.67,9.47
1558,14.33,9.57
1558,11.47,10
1558,11.4,10.2
1558,11.47,10.03
1558,11.9,10
1558,12.2,9.97
1558,11.43,10.23
1558,10.27,8.83
1558,12.2,9.1
1558,10.43,9.27
1558,10.77,9.67
1558,11.87,9.2
1558,12.57,9.97
1558,12.43,10.07
1558,13.47,9.57
1558,12.4,10.03
1558,12.2,10.47
1558,13.37,11
1558,13.4,11
1558,12.2,9.77
1558,13.47,10.53
1558,12.67,11.07
1558,15.73,12
1558,13.57,11.57
1558,16.93,12.07
1558,19.2,12.97
1558,19.47,13.4
1558,18.8,13.57
1558,16.97,12.93
1558,17.57,13.77
1558,16.43,12.77
1558,15.4,12
1558,16.03,12.13
1558,17.7,14.43
1558,16.73,12.53
1558,16.23,12.17
1558,15.47,12.77
1558,19.33,11.77
1558,16.77,11.43
1558,14.1,10.3
1558,14.47,11.87
1558,17.47,12.57
1558,16.93,13.53
1558,14.87,12.63
1558,17.5,12.23
1558,22.8,12.93
1558,19.27,12.87
1558,18.4,14
1558,20.1,14.37
1558,17.23,13
1558,18.37,14.37
1558,17.9,13.1
1558,15.5,12.23
1558,18.77,12.87
1558,16.47,12.27
1558,17.13,12.27
1558,20.5,14.1
1558,17,12.57
1558,15.57,12.2
1558,13.13,10.4
1558,17.33,12.3
1558,16.53,12.03
1558,14.73,11.4
1558,20.3,13.3
1558,16.67,12.8
1558,20.07,14.9
1558,18.67,13
1558,19.17,14.23
1558,17.73,13.8
1558,23.87,16.33
1558,17.93,13.63
1558,19.13,13.03
1558,21.43,15.4
1558,16.1,12.67
1558,13.9,11.33
1558,15.2,11.83
1558,16.3,12.5
1558,15.33,11.97
1558,14.07,11.27
1558,18.97,12.53
1558,14.3,10.53
1558,17.93,11.37
1558,14.77,10.7
1558,16.47,11.33
1558,15.1,12.6
1558,17.6,13.5
1558,18.2,13.8
1558,15.2,12.67
1558,17.1,13.3
1558,20.27,13.13
1558,20.47,12.97
1558,20.27,14.5
1558,18,13.77
1558,16.97,13.23
1558,15.93,11.4
1558,15.93,12.23
1558,15.53,11.3
1558,15.43,11.13
1558,17.97,12.73
1558,15.43,12.27
1558,14.93,11.4
1558,20.57,12.13
1558,23.93,19.73
1558,26.47,21.67
1558,21.7,15.77
1558,22,16.97
1558,21.1,16.8
1558,21.33,15.17
1558,19.6,16.4
1558,17.93,13.8
1558,21,15.4
1558,16.83,14.1
1558,18.4,12.8
1558,20.9,15.37
1558,21.23,14.07
1558,16.17,12.8
1558,17.83,12.73
1558,15.07,11.8
1558,19,14.83
1558,20.8,17
1558,15.53,13.2
1558,15.47,12.17
1558,16.9,11.6
1558,14.17,11.1
1558,14.03,11.13
1558,13.47,10.63
1558,16.37,9.63
1558,12.37,9.97
1558,13.2,11.8
1558,13.2,10.77
1558,11.37,8.37
1558,12.67,9.67
1558,11.53,9.87
1558,10.43,9.1
1558,10.97,8.33
1558,10.5,8.13
1558,9.3,8.03
1558,9,7.77
1558,12.07,10.33
1558,11.73,9.17
1558,9.6,6.93
1558,10.17,9
1558,10.57,9.3
1558,10.27,8.67
1558,9.97,8.37
1558,10.17,8.07
1558,12.37,9.2
1558,9.5,7.53
1558,10,8.4
1558,9.37,8.47
1558,10.97,8.37
1558,9.8,8.3
1558,11,8.13
1558,11.23,9.77
1558,9.7,8.7
1558,9.43,8.43
1558,9.33,8.43
1558,10.17,8.47
1558,9.93,8.93
1558,11.67,8.83
1558,12.2,10.47
1558,11.5,9.8
1558,13.77,10.8
1558,10.9,8.3
1558,11.2,10.1
1558,10.53,9.43
1558,12.2,9.07
1558,12.2,10.9
1558,13.33,12
1558,13.43,10.5
1558,11.9,9.3
1558,10.47,9.4
1558,12.03,9.67
1558,15.17,11.63
1558,13.57,11.2
1558,14.03,11.2
1558,13.5,12.13
1558,11.1,9.73
1558,9.27,8.37
1558,10.73,9.57
1558,12.6,10.67
1558,10.37,9.33
1558,14.83,10.33
1558,10.57,9.47
1558,9.47,8.57
1558,8.47,7.77
1558,10.3,9
1558,10.23,9.23
1558,12.1,10.9
1558,11.77,10.57
1558,10.03,9.03
1558,11.47,10.4
1558,11.7,10.47
1558,11.73,10.63
1558,19.3,12
1558,11.33,10.37
1558,14.07,9.1
1558,11.67,10.57
1558,10.23,9.1
1558,11.7,10.5
1558,12.93,11.63
1558,11.43,10.23
1558,12.23,10.67
1558,14.03,10.33
1558,14.8,11.5
1558,12.17,10.8
1558,13.9,11.8
1558,13.2,11.5
1558,11.73,10.73
1558,14.6,11.2
1558,11.43,10.27
1558,12.47,11.27
1558,11.17,9.1
1558,14.27,12.43
1558,12.17,10.9
1558,12.2,10.93
1558,12.5,10.97
1558,14.13,11.5
1558,14.33,11.33
1558,14.73,12.73
1558,13.97,11.03
1558,12.47,11.17
1558,11.9,10.07
1558,13.1,10.4
1558,15.37,12.47
1558,12.27,10.53
1558,14.57,12.1
1558,11.4,10.3
1558,11.37,10.27
1558,13,11.5
1558,19.13,12.3
1558,12.2,10.97
1558,13.03,11.23
1558,11.5,10.4
1558,15.4,11.33
1558,12.47,11.2
1558,11.63,10.43
1558,11.63,9.6
1558,11.6,10.4
1558,13.9,11.4
1558,13.73,12.17
1558,15.13,13.57
1558,12.07,9.93
1558,12.93,10.57
1558,12.77,10.63
1558,11.3,10.2
1558,12.2,11
1558,12.57,11.17
1558,14.4,11.3
1558,13.97,11.23
1558,15.07,13.5
1558,14.6,12.03
1558,17.47,14.47
1558,17.93,13.9
1558,12.83,11.63
1558,14.5,13.1
1558,15.53,13.83
1558,14.23,12.83
1558,15.87,13.8
1558,16.17,12.97
1558,13.87,12.27
1558,13.87,12.37
1558,13.8,12.4
1558,15.93,13.9
1558,18.9,14.9
1558,16.7,13.53
1558,18,14.6
1558,16.1,14.43
1558,16.47,12.9
1558,18.4,13.63
1558,16.47,13.13
1558,16.1,14.3
1558,14.87,13.13
1558,15.27,13.1
1558,13.97,12.67
1558,16.6,14.27
1558,15.33,13.37
1558,20.6,15.27
1558,15.37,12.87
1558,15.83,13.07
1558,16.57,14.23
1558,18.2,13.63
1558,12.97,11.5
1558,16,14.43
1558,12.47,10.67
1558,15.07,12.6
1558,14.2,12.5
1558,13.63,11.13
1558,14.8,12.77
1558,18.13,15.1
1558,16.8,15
1558,15.77,13.37
1558,17.03,13.57
1558,15.7,13.7
1558,14.57,13.07
1558,15.73,13.13
1558,19.67,14.2
1558,20.57,14.9
1558,13.27,11.87
1558,16.5,14.17
1558,14.97,12.87
1558,15,12.8
1558,16.13,13.13
1558,16.33,13.23
1558,16.03,13.67
1558,15.93,13.9
1558,16.63,13.9
1558,15.8,13.8
1558,16.27,14.47
1558,14.33,12.87
1558,14.17,12.67
1558,14.63,12.7
1558,14.43,13
1558,15,13.57
1558,14.63,13
1558,14.77,13.27
1558,18.93,16.5
1558,19.47,16.33
1558,23.3,19.97
1558,22.63,19.83
1558,23.73,19.13
1558,24.47,20.53
1558,30.17,21.63
1558,28,22.93
1558,25,21.47
1558,26.33,22.5
1558,21.37,18.5
1558,21.5,19.2
1558,25.8,20.47
1558,25.6,20.53
1558,25.9,21.33
1558,28.43,22.37
1558,29.4,22.97
1558,30.43,23
1558,28.37,23.73
1558,26.17,22.97
1558,28.37,25.3
1558,30.8,23.53
1558,26,21.5
1558,28.03,21.17
1558,25,22.27
1558,29.33,26.2
1558,37.57,28.03
1558,31.13,26.07
1558,35.9,29
1558,34.8,27.87
1558,31.5,25.93
1558,20.5,18.37
1558,23.77,21.03
1558,28.67,24.77
1558,30.67,27.5
1558,29.6,25.4
1558,24.9,22.47
1558,26.33,23.53
1558,27.1,24.13
1558,32.07,28.2
1558,31.67,26.77
1558,27.27,21.6
1558,27.77,24.8
1558,24.3,20.8
1558,25.57,22.33
1558,27.1,22.4
1558,29.43,25.03
1558,27.53,23.43
1558,31.3,22.97
1558,24.07,21.43
1558,25.63,21.13
1558,26.4,22.07
1558,26.03,22.3
1558,26.07,20.63
1558,24.8,20.1
1558,22.6,19.53
1558,20.2,18.13
1558,25.07,20.1
1558,24.77,19.8
1558,27.07,19.87
1558,24.33,20.2
1558,22.77,18.03
1558,27.57,20.57
1558,28.1,20.23
1558,30.03,22.33
1558,29.7,22.27
1558,28.8,23.03
1558,25.97,21.2
1558,28,21.2
1558,28.3,21.2
1558,29.57,20.53
1558,25.9,20.03
1558,26.03,19.9
1558,21.33,17.77
1558,22.87,18.9
1558,25.17,19.6
1558,21.83,18.1
1558,20.6,17.37
1558,20.83,18.63
1558,22.57,19
1558,23.2,18.23
1558,19.13,17.1
1558,21.17,17.7
1558,16.47,14.67
1558,16.8,15.1
1558,17.67,14.07
1558,14.3,12.2
1558,13.73,12.33
1558,15.73,12.4
1558,14.97,12.33
1558,14.77,12.7
1558,14.47,12.2
1558,14.73,12.57
1558,14.77,13.17
1558,16.6,14.23
1558,15.2,13.2
1558,16.6,13.33
1558,14.13,12.67
1558,14.63,12.43
1558,13.5,11.5
1558,16.7,12.9
1558,15.33,13.13
1558,15.57,12.8
1558,17.43,12.2
1558,16.53,13.83
1558,18.17,13.77
1558,16.1,13.43
1558,14.8,13.2
1558,16.5,13.63
1558,15.3,13.7
1558,19.43,15
1558,16.47,12.9
1558,16.97,13.1
1558,18.67,12.5
1558,13.23,11.8
1558,12.5,11.17
1558,14.3,11.37
1558,14.87,12.07
1558,14.57,12.2
1558,13.1,11.7
1558,14,12.07
1558,12.03,10.83
1558,13.33,11.77
1558,12.1,10.37
1558,12.67,10.87
1558,13.7,11.6
1558,14.43,11.57
1558,11.9,10.7
1558,12.17,10.9
1558,13.2,11.1
1558,11.9,10.7
1558,13.73,11.07
1558,14.77,11.9
1558,12.6,11.03
1558,16.57,11.83
1558,14.27,11.37
1558,12.3,11
1558,13.67,11.97
1558,13.03,11.63
1558,13.17,11.8
1558,15.1,11.87
1558,12.97,11.67
1558,13.5,12.2
1558,13.23,11.83
1558,13.07,11.77
1558,14.63,13.07
1558,14,12.5
1558,13.87,12.47
1558,12.2,10.97
1558,13.13,11.83
1558,14.23,12.93
1558,14.43,12.93
1558,15.07,13.2
1558,15.33,12.87
1558,14.3,12.97
1558,13.6,12.3
1558,15.03,13.3
1558,14.73,13.33
1558,15.93,13.4
1558,14.17,12.77
1558,15.73,13.87
1558,15.77,13.17
1558,14.9,12.93
1558,13.43,12.03
1558,15.5,13.37
1558,13.4,11.9
1558,13.27,11.97
1558,13.97,12.4
1558,13.03,11.63
1558,14.5,13.1
1558,15.93,12.8
1558,14.03,12.63
1558,13.77,12.07
1558,14.17,12.53
1558,14.77,12.57
1558,13.9,11.87
1558,13.77,12.37
1558,13.7,11.9
1558,14.93,13.23
1558,15.23,13.27
1558,13.03,11.83
1558,13.9,12.5
1558,15.03,12.33
1558,14.07,12.5
1558,14.87,12.1
1558,13.53,12.13
1558,13.57,12.17
1558,16.4,12.53
1558,15.93,12.1
1558,14.6,12.47
1558,16.53,13.67
1558,14.4,12.9
1558,14,12.6
1558,14.6,13.2
1558,18.63,13.5
1558,16.47,14.27
1558,15.67,13.17
1558,15.47,13.63
1558,15.63,13.93
1558,13.9,12.27
1558,16.5,12.77
1558,15.03,13.53
1558,14.73,13.2
1558,16.3,13.87
1558,15.37,12.93
1558,14.3,12.9
1558,15.87,14.3
1558,14.6,13.1
1558,15.67,14.17
1558,17,13.77
1558,16.07,13.03
1558,15.93,13.57
1558,15.5,13.9
1558,17.73,14.93
1558,17.67,15.87
1558,19.3,16.27
1558,19.27,17.27
1558,40.03,35.6
1558,38.97,34.13
1558,46.3,40.77
1558,36.27,32.37
1558,36.2,32.3
1558,31.23,27.07
1558,43.27,38.57
1558,43.07,37.87
1558,42.17,37.47
1558,40.77,36.03
1558,43.6,37.2
1558,43.37,38.23
1558,38.67,33.73
1558,32.33,26.33
1558,32.7,29.2
1558,28.03,24.77
1558,25.17,22.47
1558,26.8,23.9
1558,23.8,20.33
1558,18.7,16.37
1558,16.53,14.83
1558,17.1,15.3
1558,16.87,14.8
1558,15.37,13.63
1558,15.77,14.23
1558,16.13,14.23
1558,15.97,14.33
1558,15.8,13.67
1558,16.43,14.63
1558,15.83,13.97
1558,15.1,12.7
1558,15.37,13.8
1558,15.17,13.53
1558,15.03,13.43
1558,14.73,13.17
1558,16.33,13.6
1558,14.47,12.9
1558,14.8,13.23
1558,17.03,14.07
1558,15.4,13.8
1558,15.93,14.23
1558,16.07,14.4
1558,16.4,14.6
1558,15.4,13.63
1558,16.97,13.93
1558,16.2,14.5
1558,17.3,14.53
1558,15.5,13.87
1558,18.33,13.27
1558,18.3,13.37
1558,15.17,12.8
1558,16.3,13.37
1558,13.97,12.2
1558,15.33,12.9
1558,14.33,12.83
1558,14.93,13.07
1558,16.63,13.2
1558,16.1,14.37
1558,15.7,13.67
1558,17.1,14.27
1558,15.77,13.7
1558,15.4,12.77
1558,19.9,14.2
1558,17.1,14.17
1558,17.5,14.2
1558,18.2,15.6
1558,18.4,15.23
1558,20.67,15.77
1558,16.03,13.6
1558,15.07,13.13
1558,15.8,13.57
1558,16.27,12.5
1558,16.7,13.57
1558,13.57,12.17
1558,14.2,11.5
1558,13.87,12.37
1558,10.97,9.83
1558,11.47,10.27
1558,12.93,11.5
1558,12.13,10.83
1558,20.6,11.83
1558,14.3,12.9
1558,12.6,11.07
1558,14.1,11.5
1558,14,10.8
1558,14.97,12.13
1558,12.97,11
1558,13.37,10.93
1558,12.7,11.37
1558,11.93,10.83
1558,16.5,13.17
1558,16.77,12.7
1558,17.17,12.3
1558,12.83,11.5
1558,22.17,12.93
1558,13.03,11.5
1558,12.9,11.7
1558,14.47,11.57
1558,15.73,11.93
1558,20.1,12.03
1558,18.83,12.63
1558,14.77,11.43
1558,12.37,11.2
1558,20.37,11.8
1558,12.73,11.43
1558,11.77,10.53
1558,15.1,11.03
1558,11.27,10.07
1558,10.23,9.33
1558,14.67,9.5
1558,9.57,8.73
1558,13.2,10.4
1558,11.07,9.97
1558,10.83,9.83
1558,21.47,10.9
1558,17.57,10.3
1558,11.47,10.1
1558,14.57,10.17
1558,11.17,10.1
1558,15.9,10.4
1558,12.77,10.4
1558,14.43,9.8
1558,13.17,10.8
1558,12.03,10.1
1558,14.98,11.22
1558,13.15,10.48
1558,13.95,10.9
1558,10.88,9.8
1558,10.98,9.38
1558,16.02,10
1558,15.6,10.32
1558,10.85,9.6
1558,9.85,8.85
1558,10.4,9.05
1558,10.32,9.33
1558,9.55,8.63
1558,9.83,8.63
1558,12.35,9.2
1558,12.33,9.45
1558,9.73,8.78
1558,10.7,8.98
1558,10.8,8.9
1558,13.13,9.35
1558,11.73,9.93
1558,11.08,8.85
1558,9.9,9
1558,9.78,8.8
1558,10.4,9.43
1558,8.98,8.18
1558,11.25,10.18
1558,10.82,9.75
1558,14.23,9.45
1558,10.28,9.35
1558,11.08,8.43
1558,10,8.9
1558,9.85,8.2
1558,12.98,8.73
1558,10.08,9.08
1558,13.72,9.18
1558,9.85,8.85
1558,9.73,8.2
1558,9.98,9
1558,11.63,8.7
1558,11.68,8.68
1558,11.78,9
1558,9.13,8.23
1558,8.73,7.8
1558,11.48,9
1558,13.9,8.9
1558,11.73,8.25
1558,8.43,7.62
1558,13.88,9.03
1558,10.32,8.2
1558,12.15,9.18
1558,11.57,8.58
1558,12.65,8.65
1558,12.88,9.48
1558,10.3,8.28
1558,9.58,7.83
1558,11.9,8.2
1558,11.08,8.5
1558,10.25,7.95
1558,10.9,7.87
1558,9.68,7.75
1558,9.93,7.9
1558,11.7,8.13
1558,11.43,8.5
1558,10.93,8.03
1558,13.62,7.67
1558,15.35,7.97
1558,9.45,7.55
1558,13.75,7.83
1558,12.4,7.8
1558,9.33,7.75
1558,12.28,7.53
1558,9.95,7.5
1558,12.35,8.5
1558,12.68,7.8
1558,10.38,7.45
1558,8.98,7
1558,12.28,7.78
1558,13.38,7.08
1558,10.75,7.35
1558,12.82,7.2
1558,10.88,7.78
1558,9.68,7.03
1558,12.93,7.3
1558,15.5,8.53
1558,15,8.63
1558,15.32,7.17
1558,11.68,6.85
1558,14.85,7.15
1558,11.35,6.9
1558,14.53,7.62
1558,14.63,7.37
1558,11.43,7.4
1558,13.83,7.17
1558,14.5,7.53
1558,14.15,7.22
1558,15.88,6.87
1558,10.2,6.75
1558,11.93,7.2
1558,13.58,7.37
1558,15.08,7.05
1558,14.55,7.15
1558,14.23,7.17
1558,16.97,7.45
1558,13.2,6.6
1558,15.32,6.95
1558,18.65,8.45
1558,20.85,8.38
1558,17.27,7.9
1558,15.55,6.42
1558,15.88,6.9
1558,15.38,7.53
1558,15.1,7.08
1558,17.25,7.42
1558,11.05,6.58
1558,14.87,6.4
1558,14.63,7.7
1558,12.93,6.45
1558,16.3,6.55
1558,15.25,6.42
1558,11.9,6.65
1558,20.05,7.47
1558,15.08,6.7
1558,18.37,6.37
1558,11.1,6.8
1558,15.08,6.85
1558,16.77,6.5
1558,15.75,7.12
1558,15.72,6.85
1558,25.85,7.17
1558,13.18,6.17
1558,10.88,6.3
1558,13.72,6.1
1558,23.55,7.78
1558,12.8,6
1558,25.48,6.87
1558,10.5,5.87
1558,19.73,6.83
1558,15.68,6.47
1558,13.95,5.92
1558,14.2,6.05
1558,15.4,6.65
1558,16.27,6.3
1558,15.97,6.3
1558,10.53,5.87
1558,15.97,5.6
1558,18.07,5.97
1558,13.4,6.13
1558,18,5.6
1558,12.77,5.17
1558,14.9,6.1
1558,15,5.67
1558,17.47,5.77
1558,15.13,5.73
1558,13.1,5.77
1558,10.17,5.57
1558,16.83,6.23
1558,15.87,5.73
1558,15.47,6.13
1558,14.2,5.53
1558,21.2,6.1
1558,14,5.93
1558,15.93,6.1
1558,18.03,6.4
1558,20.63,6.47
1558,15.43,6.03
1558,15.73,6.5
1558,14.6,6.97
1558,14.83,7.03
1558,13.3,6.57
1558,11.03,6.53
1558,13.2,6.5
1558,15.9,6.7
1558,12.87,6.4
1558,14.5,6.93
1558,18.2,7.63
1558,15.73,6.93
1558,12.13,6.47
1558,17.83,8.33
1558,15.23,6.97
1558,13.73,7.27
1558,14.13,7.47
1558,14.23,7.23
1558,14.93,7.97
1558,16.63,8.87
1558,14.77,7.8
1558,9.9,7.4
1558,14.23,8.37
1558,16.33,8.67
1558,15.57,8.77
1558,18,9.3
1558,11.53,8.1
1558,13.57,9.47
1558,11.87,8.13
1558,17.23,8.77
1558,14.23,7.67
1558,13.77,8.07
1558,11.87,8.03
1558,16.1,7.7
1558,20.93,8.5
1558,14.9,6.6
1558,18,10.77
1558,16.53,8.83
1558,14.27,6.5
1558,14.83,7.07
1558,17.8,7.7
1558,21.23,7.9
1558,14.33,6.53
1558,12.43,5.93
1558,15.37,7.2
1558,16,6.87
1558,12.9,6.9
1558,16,6.63
1558,19.1,6.87
1558,14.17,6.47
1558,19.97,6.8
1558,14.33,6.57
1558,13.13,6.2
1558,15.53,6.73
1558,22.6,7.13
1558,16.1,6.7
1558,16.83,6.67
1558,16.93,7
1558,14.5,6.7
1558,9.97,6.23
1558,15.33,6.2
1558,14.2,7
1558,20.23,7.87
1558,17.33,8.13
1558,15.77,7.93
1558,12.17,7.03
1558,20.07,10.13
1558,19.67,9.7
1558,12.3,8.57
1558,17.6,7.8
1558,17.47,8
1558,18.1,7.53
1558,13.97,7
1558,12.27,7.73
1558,18.47,9.07
1558,14.9,8.9
1558,16.8,9.37
1558,18.83,8.33
1558,14.07,9.13
1558,15.77,8.8
1558,16.57,8.33
1558,15.93,7.57
1558,13.77,8.4
1558,18.57,9.2
1558,13.43,8.47
1558,16.23,8.63
1558,13.57,8.53
1558,17.73,8.87
1558,17.83,8.6
1558,13.43,8.6
1558,12.73,8.27
1558,14.67,8.83
1558,12.6,8
1558,17.23,8.1
1558,13.87,8.93
1558,16,9.17
1558,14.97,8.7
1558,12.27,8.2
1558,15.7,8.73
1558,16.07,8.7
1558,14.07,9.33
1558,16.67,9.1
1558,12,8.2
1558,15.2,7.63
1558,12.57,7.27
1558,15.17,8.47
1558,13.17,8.2
1558,13.1,8.93
1558,15.33,9.23
1558,14.47,9.37
1558,15.7,10.37
1558,17.07,11.37
1558,16.13,9.5
1558,19.4,11.37
1558,16.57,11.4
1558,20.77,11.87
1558,17.7,11.8
1558,18.4,11.67
1558,16.13,10.93
1558,22.07,11.67
1558,21.4,11.03
1558,12.77,9.47
1558,19.53,10.23
1558,14.97,10.3
1558,14.93,10.4
1558,19.13,11.63
1558,16.7,10.67
1558,14.9,9.4
1558,12.5,9.03
1558,12.73,9.07
1558,14.73,9.2
1558,13.07,10.03
1558,12.57,9.87
1558,15.6,10.2
1558,17,11.53
1558,18.7,13.43
1558,25,14.33
1558,21.53,14.5
1558,16.97,13.37
1558,18,12.5
1558,22.73,14.63
1558,19.03,11.73
1558,15.57,9.93
1558,11.7,8.47
1558,16.57,11.2
1558,12.13,9.93
1558,13.07,9
1558,16.5,11.67
1558,19.7,14.43
1558,25.83,17.2
1558,24.9,16.13
1558,27.33,15.37
1558,24.3,16.97
1558,25.5,15.8
1558,22.8,14.33
1558,20.57,12.73
1558,21.63,13.4
1558,19.63,13.03
1558,27.1,15.47
1558,25.6,15.7
1558,24.37,16.1
1558,24.97,16.3
1558,17.27,13.2
1558,24.87,13.6
1558,14.5,11.7
1558,17.77,12
1558,14.7,11.6
1558,12.7,11.4
1558,17.5,11.3
1558,17.2,10.93
1558,15.27,10.97
1558,15.8,11.1
1558,16.33,9.97
1558,12.23,10.13
1558,15.47,10.7
1558,17.5,12.23
1558,12.37,10.33
1558,14.23,10.97
1558,16.6,11.37
1558,15.13,10.5
1558,13.4,10.43
1558,16.7,11.07
1558,14,11.03
1558,16.83,12.2
1558,14.33,11.97
1558,16.83,11.67
1558,13.8,10.83
1558,15.83,11.87
1558,14.77,11.27
1558,11.77,10.43
1558,13.4,10.9
1558,14.73,10.87
1558,17.23,10.8
1558,19.13,12.6
1558,13.33,11.03
1558,15.07,11.6
1558,16.2,11.27
1558,15.9,11.8
1558,16.43,11.77
1558,16.33,11.3
1558,15.33,11.3
1558,15.8,12.43
1558,15.3,11.4
1558,14.33,11.17
1558,15.43,12.23
1558,13.13,11.4
1558,16.03,13.47
1558,14.83,11.8
1558,19.8,13.77
1558,16.73,12.73
1558,16.93,13.13
1558,18.93,12.53
1558,21.4,13.63
1558,21.2,14.13
1558,22.17,16.77
1558,18.07,13.33
1558,16.83,13.23
1558,18.6,13.77
1558,18.57,13.3
1558,17.93,14.07
1558,24.57,15.37
1558,19.5,13.7
1558,16.4,13.87
1558,21.3,14.37
1558,19.9,13.73
1558,19.9,14.63
1558,20.1,15.9
1558,18.8,14.77
1558,21.7,14.67
1558,20.43,15.07
1558,16.5,13.4
1558,19.03,14.37
1558,17.13,14.27
1558,17.7,14.33
1558,16.07,12.8
1558,14.57,12.47
1558,15.17,13.23
1558,18.3,13.53
1558,16.5,12.8
1558,14.7,12.83
1558,14.17,11.97
1558,15.23,13.13
1558,14.77,12.53
1558,17.5,12.03
1558,14.97,12.8
1558,16,12.77
1558,17.6,12.6
1558,16.07,12.77
1558,15.5,11.93
1558,15.63,12.9
1558,18.07,15.17
1558,19.97,14.2
1558,15.97,13.9
1558,17.07,13.33
1558,17.37,13.57
1558,18.7,14.03
1558,18.03,13.33
1558,19.5,14.13
1558,16.5,13.1
1558,16.77,13.9
1558,18.43,14.23
1558,17.93,14.2
1558,16.13,12.9
1558,15.53,13.8
1558,16.17,13.8
1558,19.27,13.43
1558,19.47,13
1558,20.2,14.33
1558,20.03,14.13
1558,19.27,14.23
1558,18.7,13.6
1558,19.73,16.17
1558,23.43,15.87
1558,18.97,14.67
1558,20.87,14.2
1558,16.87,14.67
1558,18.17,14.97
1558,18.2,14.8
1558,19.23,15.37
1558,17.47,13.93
1558,19.77,13.7
1558,18.2,13.5
1558,16.07,13.37
1558,18.4,14.73
1558,19.33,15.03
1558,16.07,14.03
1558,20.9,15.3
1558,18.23,15.3
1558,21.43,16.37
1558,19.07,14.9
1558,22.8,16.27
1558,22,16.53
1558,22.97,17.07
1558,20.47,16.03
1558,20.4,15.1
1558,22.6,16.13
1558,23.07,16.9
1558,24.77,16.87
1558,20.63,15.77
1558,23.1,15.87
1558,23.03,16.2
1558,25.1,15.9
1558,21.8,16.3
1558,20.2,15.6
1558,21.77,15.03
1558,26.6,16.83
1558,20.07,16
1558,22.17,17.37
1558,22.37,18.5
1558,24.97,18.7
1558,24.87,17.47
1558,22.8,18.57
1558,25.57,18.4
1558,28.67,18.97
1558,28.17,18.47
1558,26.5,18
1558,32.97,20.6
1558,23.27,18.8
1558,24.57,18.9
1558,33.93,19.07
1558,21.8,18.07
1558,24.7,17.43
1558,27.63,18.27
1558,23.57,18.77
1558,29.87,19.67
1558,28,20.97
1558,23.9,18.83
1558,30.33,20.6
1558,32.17,22.43
1558,28.27,22.2
1558,28.5,20.17
1558,32.97,20.37
1558,34.07,19.6
1558,32.73,21.03
1558,37.33,21.03
1558,34.43,21.27
1558,25.93,19.8
1558,25.87,18.97
1558,29.67,20.17
1558,25.7,19.1
1558,30.23,18.13
1558,27.6,19.17
1558,31.33,19.77
1558,27.37,18.8
1558,23.4,18.87
1558,26.57,19
1558,30.23,19.6
1558,30.8,18.27
1558,24.93,17.83
1558,27.37,18.73
1558,26.23,17.77
1558,22.57,16.9
1558,24.4,16.47
1558,28.33,18.83
1558,31.23,17.93
1558,23.87,17.6
1558,20.63,16.97
1558,19.77,16.23
1558,30.8,18.63
1558,28.2,19
1558,24.8,18.13
1558,21.43,17.3
1558,22.57,17
1558,23.93,17.93
1558,28.9,19.33
1558,24.43,18.63
1558,20.1,18.17
1558,29.67,19.5
1558,26.07,17.93
1558,28.1,19.3
1558,23.23,18.63
1558,24.77,19.63
1558,33.17,20.13
1558,25.23,18.03
1558,30.3,18.1
1558,24.5,18.47
1558,25.13,18.73
1558,29.33,22.7
1558,23.43,19.17
1558,26.1,18.6
1558,20.1,17.77
1558,28.93,19.1
1558,20.27,16.23
1558,26.87,19.57
1558,20.33,16.87
1558,25.4,18.23
1558,16.7,14
1558,18.17,15.37
1558,18.45,13.48
1558,24.7,14.33
1558,16.23,14.38
1558,20.85,15.98
1558,20.7,16.55
1558,22.65,17.98
1558,19,15.18
1558,17.3,14.2
1558,24.75,14.38
1558,16.02,14.38
1558,18.42,15.4
1558,17.17,14.18
1558,19.23,14.28
1558,13.7,12.35
1558,14.55,12.78
1558,19.92,11.28
1558,14.98,13.05
1558,17.48,12.6
1558,14.55,12.85
1558,16.48,11.83
1558,14.4,12.33
1558,15.95,13.6
1558,16.73,13.18
1558,17,13.6
1558,15.2,13.5
1558,15.9,14.35
1558,14.65,12.25
1558,14.58,13.05
1558,29.45,13.8
1558,15.32,12.93
1558,16.25,12.4
1558,19.12,12.4
1558,13.93,11.3
1558,16.27,11.8
1558,16.7,11.7
1558,17.1,12.05
1558,16.8,13.08
1558,18.02,13.53
1558,17.07,12.13
1558,15.88,12.2
1558,17.45,10.95
1558,17.5,10.15
1558,23.25,10.78
1558,14.53,10.43
1558,20.1,10.5
1558,14.68,11
1558,17.57,11.48
1558,17.23,10.98
1558,17.85,11.08
1558,18.3,10.93
1558,18.98,10.6
1558,15.72,10.93
1558,18.87,11.05
1558,16.48,9.85
1558,19.15,12.25
1558,18.1,10.93
1558,21.02,11.05
1558,19.4,11.12
1558,17.95,11
1558,19.85,10.72
1558,21.5,11.35
1558,22.85,11.5
1558,17.45,10.28
1558,21.4,10.13
1558,17.32,11.43
1558,21.97,10.9
1558,21.55,10.58
1558,17.95,10.15
1558,25.43,10.23
1558,21.05,10.7
1558,34,9.9
1558,24.37,10.8
1558,26.27,10.13
1558,25.55,9.25
1558,20.32,9.93
1558,26.23,9.55
1558,26.25,9.9
1558,22.62,9.8
1558,21.75,9.33
1558,20.72,10.2
1558,22.67,9.73
1558,28.55,9.68
1558,25.75,10.75
1558,18.92,10.3
1558,22.73,10.25
1558,23.73,11.03
1558,29.65,10.9
1558,22.48,9.35
1558,26.52,10.68
1558,27.85,10.48
1558,18.85,9.75
1558,22.37,9.93
1558,21.15,8.85
1558,23.9,9.1
1558,28.62,11.43
1558,33.4,9.95
1558,25.17,11.25
1558,28.12,10.98
1558,28.45,10.7
1558,30.57,10.78
1558,28.1,9.88
1558,19.52,10.3
1558,28.25,10.82
1558,35.03,10
1558,30.27,10.65
1558,29.35,10.55
1558,31.73,12.85
1558,28.65,11.43
1558,36.4,11.1
1558,36.9,12.73
1558,36.8,11.1
1558,37.75,9.9
1558,27.07,10.53
1558,34.45,11.83
1558,33.45,12
1558,31.45,11
1558,36.2,12
1558,36.03,12.25
1558,29.8,13.9
1558,31.87,11.22
1558,37.73,12.55
1558,34.18,11.38
1558,28.8,10.9
1558,47.17,11.38
1558,34.9,11.05
1558,30.52,10.82
1558,27.7,10.48
1558,35.8,10.85
1558,33.2,11.8
1558,25.6,9.98
1558,36.9,9.7
1558,28.62,10.72
1558,35.63,9.9
1558,26.1,9.45
1558,32.95,10.28
1558,25.43,8.95
1558,35.73,9.95
1558,36.73,11.48
1558,23.32,10.05
1558,30.72,10.55
1558,35.65,10.82
1558,34.65,10.58
1558,33.88,9.63
1558,33.2,10.72
1558,33.92,10.88
1558,28.95,9.83
1558,32.05,10.53
1558,36.85,11.28
1558,29.67,9.65
1558,35.85,10.35
1558,28.83,9.85
1558,31.45,10.93
1558,39.03,10.58
1558,29.52,9.45
1558,31.85,10.95
1558,41.35,11.33
1558,28.62,11.18
1558,27.35,10.15
1558,37.58,10.6
1558,29.55,12.7
1558,29.77,11.78
1558,26.07,11.78
1558,28.95,12.45
1558,31.87,11.53
1558,30.85,10.28
1558,32.53,11.2
1558,37.6,12.2
1558,28.38,11.7
1558,29.75,10.55
1558,37.65,9.78
1558,32.23,9.95
1558,34.83,10.78
1558,34.5,10.13
1558,33.75,9.75
1558,23.65,9.35
1558,42.33,10.43
1558,30.57,10.23
1558,33.3,11.25
1558,38.13,10.78
1558,33.3,10.23
1558,31.3,10
1558,27.33,9.27
1558,29.17,10.63
1558,33.2,10.9
1558,27.53,10
1558,28.53,9.43
1558,34.13,10.33
1558,33.1,11.73
1558,26.67,9.47
1558,25.27,9.87
1558,34.07,9.83
1558,25.7,10.3
1558,26.57,10.87
1558,23.57,10.73
1558,25.33,10.57
1558,38.77,11.5
1558,32.33,10.13
1558,29.57,10.13
1558,28.53,8.97
1558,29.07,9.17
1558,24,8.83
1558,26,9.53
1558,23.5,9.93
1558,24.47,8.67
1558,22.43,7.83
1558,20.87,7.73
1558,24.37,8.47
1558,21.2,9.63
1558,25.23,9.2
1558,20.7,9.13
1558,24.9,9.9
1558,27.83,9.5
1558,23.83,9.53
1558,27.03,11.9
1558,42.07,14.1
1558,26.07,11.2
1558,23.13,8.73
1558,21.87,8.9
1558,17.87,8.43
1558,18.37,7.67
1558,22.5,7.77
1558,20.6,8.5
1558,16.2,8.43
1558,20.27,9.13
1558,22.03,9.43
1558,19.03,8.4
1558,18.7,8.37
1558,22.33,8.87
1558,20.93,8.67
1558,30.2,9.5
1558,17.23,7.9
1558,24.7,8.7
1558,18.97,8.3
1558,24.63,9.27
1558,19.07,8.23
1558,23.57,9.23
1558,25.03,9.93
1558,24.9,10.8
1558,23.13,10.47
1558,24.27,10.27
1558,21.17,9.4
1558,24.63,9.63
1558,25.07,9.07
1558,25.83,9.27
1558,21.17,8.9
1558,24.2,8.6
1558,24.07,8.93
1558,18.27,8
1558,24.77,9.33
1558,18.93,8.37
1558,18.3,9.2
1558,23.43,9.3
1558,23.23,8.63
1558,20.27,9.23
1558,20.5,8.9
1558,21.6,9.1
1558,19.6,8.5
1558,19.1,8.9
1558,13.47,8.63
1558,24.27,8.57
1558,22.23,9.2
1558,24.27,9.23
1558,18.13,8.7
1558,29,10.3
1558,23.27,8.33
1558,21.8,9.4
1558,25.93,9.23
1558,25.8,9.7
1558,22.47,9.03
1558,22.6,8.73
1558,26.23,9.27
1558,30.2,8.5
1558,20.73,7.83
1558,22.37,9.23
1558,28.1,9.3
1558,22.1,10.3
1558,25.33,10
1558,21.43,10.6
1558,23.6,10.8
1558,21.93,10.4
1558,24.6,10.63
1558,28.13,11.67
1558,34.17,10.97
1558,21.5,11.53
1558,33.07,12.3
1558,23.5,11.07
1558,24.03,11.77
1558,26.33,10.83
1558,23.27,11.27
1558,26.03,11.37
1558,26.4,12.3
1558,24,11.83
1558,23.47,11.7
1558,29.43,13.13
1558,27.07,12.13
1558,21.8,11.17
1558,27.5,11.37
1558,20.8,11.53
1558,24.57,11.5
1558,23.27,13.17
1558,20.6,12.07
1558,25.43,13.67
1558,26.5,12.77
1558,23.3,11.8
1558,22.27,11.73
1558,19.43,11.17
1558,19.87,12
1558,22.7,11.67
1558,22.43,11.5
1558,21.6,11.63
1558,20.63,11.03
1558,18.77,10.27
1558,21.37,10.63
1558,20.93,11.37
1558,18.53,11.07
1558,24.2,12.37
1558,17.73,11.87
1558,21.7,12.17
1558,20.4,11.83
1558,21.67,12
1558,19.13,10.77
1558,21.93,10.93
1558,18.5,9.8
1558,16.83,8.9
1558,13.33,8.8
1558,17.8,9.63
1558,17.47,9.73
1558,18.97,9.67
1558,16.23,10
1558,18.23,10.27
1558,16.67,9.8
1558,22.87,10.7
1558,17.53,10.23
1558,20.63,10.6
1558,17.97,10.67
1558,23.83,10.13
1558,20.23,10.9
1558,15.3,10.13
1558,14.27,9.8
1558,14.87,9.93
1558,15.67,9.93
1558,20.27,10.2
1558,18.53,10.3
1558,14.9,10.3
1558,18.5,9.23
1558,15.2,10.8
1558,19.93,11.63
1558,15,10.9
1558,17.8,11.33
1558,23.03,12.23
1558,16.47,11.7
1558,18.17,11.37
1558,14.7,10.63
1558,16.83,10.97
1558,15.93,10.73
1558,17.7,10.73
1558,16.43,10.93
1558,16.03,10.4
1558,16.43,9.67
1558,18.67,10.53
1558,16.93,9.4
1558,16.03,10.4
1558,14,9.87
1558,12.73,10.23
1558,15.93,10.7
1558,13.9,9.6
1558,12.43,9.5
1558,15.57,9.73
1558,15.33,9.73
1558,13.87,10.03
1558,14.73,10.57
1558,11.73,9.77
1558,18.37,10.67
1558,12.03,10.63
1558,14.8,10.4
1558,16.03,10.6
1558,15.2,10.7
1558,18.5,10.83
1558,17.07,11.17
1558,20.33,11
1558,15.97,11.5
1558,11.67,10.4
1558,15.43,11.2
1558,16.87,11.7
1558,15.93,10.63
1558,16.07,11
1558,15.93,11.43
1558,14.93,11.6
1558,15.7,11.87
1558,15.93,11.87
1558,17.1,11.93
1558,16.17,11.23
1558,15.27,11.97
1558,16.27,12.3
1558,15.67,13.03
1558,17.8,13.8
1558,20.77,14.17
1558,20.07,14.97
1558,18.53,14.23
1558,16.97,13.8
1558,18.23,13.8
1558,19.17,14.13
1558,17.27,13.9
1558,16.53,13.93
1558,17.73,14.37
1558,16.93,14.33
1558,20,14.73
1558,21.97,15.87
1558,17.13,13.83
1558,17.97,14.3
1558,18.17,14.23
1558,18.9,14.03
1558,19.8,14.33
1558,22,15.1
1558,25.73,14.73
1558,18.73,14.13
1558,20.77,14.23
1558,21.07,14.97
1558,18.73,14.43
1558,23.23,15.2
1558,21.93,14.97
1558,19.03,14.3
1558,22.07,14.7
1558,19.77,14.23
1558,20.3,14.97
1558,20.63,14.73
1558,22.27,16
1558,23.77,15.7
1558,22.2,15.87
1558,26.43,15.67
1558,21.07,15.23
1558,24.07,15.1
1558,18.33,14.4
1558,25.23,15.33
1558,21.57,14.27
1558,18.37,14.67
1558,18.53,14.77
1558,17.5,14.97
1558,19.97,15.07
1558,18.13,15.7
1558,20.47,15.3
1558,17.2,14.9
1558,21.47,16.47
1558,20.37,16.1
1558,22.73,16.47
1558,25.03,17.5
1558,19.3,15.67
1558,22.93,16.37
1558,20,15.63
1558,19.87,16.63
1558,20.5,17.43
1558,25.03,17.17
1558,22.93,16.87
1558,21.5,16.83
1558,24.47,17.47
1558,21.7,16.83
1558,21.33,16.9
1558,22.33,16.93
1558,22.43,16.83
1558,20.3,16.4
1558,20.4,16.43
1558,20.9,17.13
1558,25.17,18.77
1558,29.4,17.53
1558,23.4,16.73
1558,23.03,17.23
1558,22.93,16.97
1558,20.2,16.63
1558,24.63,17.03
1558,22.53,16.47
1558,22.47,16.9
1558,24.8,17.1
1558,25.03,17.13
1558,24.23,16.1
1558,28.4,18.47
1558,24.97,19.9
1558,30.5,22.4
1558,24.87,17.73
1558,24.53,18.1
1558,20.1,15.2
1558,26.67,14.1
1558,21.77,15.1
1558,21.87,15.2
1558,23.77,14.67
1558,22.1,15.53
1558,20.83,14.73
1558,24,16.13
1558,19.7,15.43
1558,19.33,14.8
1558,20.6,15.87
1558,28.43,18.3
1558,22.03,17.03
1558,31.57,18.23
1558,23.53,15.97
1558,23.97,15.6
1558,22.57,15.8
1558,27.8,16.47
1558,19.33,14.73
1558,22.17,15.1
1558,28.3,15.83
1558,25.43,16.3
1558,29.87,15.97
1558,30.97,17.3
1558,25.33,16.8
1558,27.2,16.83
1558,23.4,16.17
1558,23.33,15.93
1558,21.47,16.43
1558,24.93,15.87
1558,31.07,16.2
1558,24.93,16.33
1558,28.67,16.77
1558,25.73,16.43
1558,29.2,17.17
1558,26.77,17.23
1558,25.63,18.83
1558,27.8,18.13
1558,29.27,18.5
1558,32.43,18.8
1558,24.07,18.73
1558,27.47,20.6
1558,31.7,20.2
1558,28.63,18.87
1558,35.7,21.5
1558,25.93,19.93
1558,26.63,19.93
1558,23.07,19
1558,23,19.17
1558,28.98,25.7
1558,32.42,20.2
1558,24.32,20.02
1558,27.4,21.15
1558,31.45,19.95
1558,24.92,20.95
1558,24.77,20.25
1558,25.6,19.4
1558,29.7,20.27
1558,33.92,21.65
1558,31.9,22.82
1558,27.62,20.88
1558,30.55,21.02
1558,29.32,19.37
1558,27.58,20.43
1558,22.6,18.52
1558,26.55,18.77
1558,26.82,19.12
1558,24.02,19.48
1558,24.85,18.05
1558,23.67,15.45
1558,29.3,16.3
1558,22.07,17
1558,20.97,14.73
1558,21.42,14.23
1558,25.15,16.05
1558,22.6,15.38
1558,26.62,15.4
1558,20.32,12.9
1558,20.88,14.23
1558,24.98,13.7
1558,26.68,13.85
1558,27.1,14.65
1558,28.75,14.1
1558,25.85,14.33
1558,27.4,16.17
1558,24.85,15.13
1558,23.32,13.72
1558,26.97,14.23
1558,31.23,16.2
1558,31.4,18.17
1558,29.65,14.98
1558,30.88,14.38
1558,26.62,14.6
1558,36.1,21.23
1558,36.48,15.88
1558,32.5,13.95
1558,32.4,14.87
1558,30.3,15.55
1558,37.08,19.65
1558,36.28,14.53
1558,34.6,12.65
1558,27.8,12.8
1558,25.17,12.1
1558,29.77,13.38
1558,36.77,12.45
1558,35.03,12.75
1558,35,12.15
1558,33.9,11.9
1558,31.37,12.73
1558,33.9,12.6
1558,28.23,11.85
1558,33.67,12.45
1558,31.23,13.1
1558,31.1,12.65
1558,31.48,11.22
1558,31.1,11.2
1558,33.85,11.55
1558,25.62,12.33
1558,30.27,12.75
1558,30.25,12.63
1558,30.37,12.4
1558,32.05,11.8
1558,29.57,11.22
1558,35.9,10.75
1558,30.35,11.4
1558,33.35,11.28
1558,30.75,11.35
1558,29,11.53
1558,31.87,10.95
1558,32.15,11.3
1558,31.6,11.28
1558,35.35,11.65
1558,37.88,10.9
1558,33.4,11.48
1558,30.48,11.22
1558,35,12.33
1558,39.8,11.05
1558,36.83,10.65
1558,37.28,12.75
1558,28.25,12.07
1558,31.35,11.25
1558,30.97,10.9
1558,32.88,10.78
1558,32.23,11.38
1558,36.88,10.63
1558,33.05,11.1
1558,34.65,11.78
1558,28.98,11
1558,34.13,10.13
1558,29.57,10.15
1558,28.25,9.78
1558,29.05,9.95
1558,28.23,9.13
1558,26.35,12.28
1558,31.95,11.2
1558,27.8,9.73
1558,25.65,9.73
1558,31.52,9.28
1558,30.57,9.9
1558,35.58,10.6
1558,29.07,11
1558,28.45,10.13
1558,30.72,10.98
1558,31.7,10.93
1558,29.42,10.68
1558,29.57,11.7
1558,26.62,10.7
1558,31.33,11.93
1558,26.52,10.1
1558,29.92,10.6
1558,21.75,8.95
1558,26.6,10.08
1558,27.37,10.72
1558,29.75,9.45
1558,31.45,10.3
1558,33.95,10.3
1558,33.15,8.98
1558,28.55,10.45
1558,33.58,10.05
1558,30.4,11
1558,27.55,9.7
1558,34.5,9.75
1558,27.2,8.75
1558,28.57,10.3
1558,29.3,9.08
1558,33.4,9.85
1558,32.05,10.25
1558,25.25,9
1558,31.07,9.05
1558,33.4,9.3
1558,26.73,8.03
1558,21.4,8.73
1558,21.42,8.88
1558,30.35,10.98
1558,30.57,10.13
1558,37.25,10.05
1558,30.3,8.98
1558,22.73,7.4
1558,22.62,8.9
1558,28.2,10
1558,25.2,8.58
1558,27.73,8.6
1558,22.5,7.78
1558,24.5,7.65
1558,26.9,11.6
1558,28.3,11.43
1558,29.07,8.58
1558,26.73,8.1
1558,23.55,8.33
1558,25.57,8.98
1558,26.75,7.9
1558,27.15,9.53
1558,22,8.4
1558,19.15,7.53
1558,18.87,11.12
1558,22.73,8.7
1558,23.62,7.78
1558,21.33,9.03
1558,25.85,8.75
1558,21.05,7.1
1558,23,7.2
1558,24.15,8.08
1558,22.02,7.85
1558,25.45,8.73
1558,25.4,6.87
1558,20.92,7.75
1558,26.52,7.35
1558,22.75,8.25
1558,23.92,8.95
1558,22.05,7.97
1558,21.52,7.78
1558,24.05,7.95
1558,20.3,7.08
1558,26.68,7.4
1558,19.65,7.28
1558,19.6,7.15
1558,19.2,7
1558,23.5,6.87
1558,23.45,6.8
1558,21.27,7
1558,23.3,7.53
1558,24.37,7.33
1558,20.17,7.22
1558,23.5,7.17
1558,24.47,7.15
1558,20.2,7
1558,19,6.3
1558,16.97,6.9
1558,21.47,6.47
1558,21.23,6.93
1558,24.6,7.13
1558,22.9,7.2
1558,29.53,8.9
1558,24.13,7.13
1558,21.93,7.2
1558,23.63,7.2
1558,20.17,9.13
1558,24.6,9.2
1558,23.47,8.53
1558,25.93,8.93
1558,17.4,9.17
1558,25.53,9.47
1558,36.67,8.9
1558,24.8,9.27
1558,23.3,9.3
1558,20.1,8.47
1558,20.3,9.27
1558,23.87,8.83
1558,22.43,9.4
1558,23.43,9
1558,18.5,9.2
1558,23.63,9.37
1558,17.83,8.93
1558,15.23,8.33
1558,21.93,9.07
1558,28.7,9.6
1558,22.13,9.6
1558,26.33,10.27
1558,20.63,9.1
1558,23.9,8.37
1558,20.47,8.83
1558,22.43,9
1558,18.47,8.47
1558,23.6,9.23
1558,24.97,9.03
1558,19.77,9.33
1558,27.2,8.83
1558,20.67,8.73
1558,18.8,8.47
1558,19.73,8.1
1558,21.33,9.93
1558,22.9,9.5
1558,27.23,9.1
1558,21.97,9.33
1558,25.13,10.63
1558,28.93,9.57
1558,20.27,9
1558,19.3,8.67
1558,22.2,8.23
1558,24.33,10.27
1558,24.57,8.97
1558,28.47,9.27
1558,25.17,9.23
1558,24.7,9.53
1558,26.53,9.97
1558,21.1,9.6
1558,24.43,9.27
1558,22.97,9.2
1558,18.77,8.57
1558,19.93,8.7
1558,26.2,9.87
1558,22.43,9.97
1558,26.1,9.33
1558,23.03,9.37
1558,23.5,9
1558,24.73,9.6
1558,24.63,9.53
1558,22.73,10.73
1558,24.53,10.17
1558,20.13,9.67
1558,25.7,10.33
1558,25.2,10.03
1558,26.07,9.9
1558,25.7,10.23
1558,21.63,11.03
1558,25.83,12.73
1558,24.5,13.9
1558,33.53,15.6
1558,26.63,16.1
1558,31.97,14.8
1558,23.87,12
1558,25.73,11.3
1558,22.9,11.1
1558,23.77,10.07
1558,24.77,10.33
1558,17.77,9.63
1558,24.53,9.97
1558,22.63,10.77
1558,24.63,10.53
1558,23.87,9.87
1558,21.97,10.47
1558,21.1,9.23
1558,24.9,9.87
1558,24.1,9.47
1558,21.93,9.27
1558,21.83,9.97
1558,28.8,9.7
1558,20.97,9.43
1558,21.5,9.43
1558,20.03,8.87
1558,18.13,9.87
1558,18.17,9.8
1558,24.83,10.47
1558,22.57,9.5
1558,25.13,9.33
1558,22.2,9.4
1558,22.97,10.2
1558,28.8,10.6
1558,20.87,10.7
1558,27.53,10.57
1558,27.6,10.67
1558,19.8,9.9
1558,21.73,9.77
1558,17.53,9.6
1558,18.73,10.13
1558,23.73,9.17
1558,21.57,9.93
1558,23.4,9.6
1558,22.23,10.2
1558,24.4,9.83
1558,19.53,9.83
1558,26.97,10.5
1558,20.67,10.13
1558,19.23,9.5
1558,25.7,10.87
1558,19.5,9.5
1558,21.17,9.3
1558,20.53,9.4
1558,17.53,9.5
1558,21.7,10.13
1558,19.03,9.97
1558,18.67,10.13
1558,20.23,10.47
1558,21.37,9.23
1558,23.37,9.63
1558,16.73,9.33
1558,19.07,9.27
1558,24.13,10.9
1558,17.43,9.37
1558,22.53,9.87
1558,18.33,8.6
1558,20.2,9.33
1558,23.77,9.83
1558,18.37,9.43
1558,21.63,9.63
1558,22.17,10
1558,20.23,9.57
1558,28.57,10.93
1558,24.97,9.53
1558,25.77,9.97
1558,22.7,9.77
1558,22.5,9.67
1558,20.97,9.6
1558,20,9.77
1558,24.97,10.57
1558,24.17,10.4
1558,21.07,10.13
1558,25.07,10.5
1558,20.9,10.4
1558,22.6,11.07
1558,22,10.07
1558,21.83,10.43
1558,21.77,10.53
1558,22.8,10.9
1558,23.97,11.67
1558,21.67,11.03
1558,21.53,10.47
1558,21.2,10.43
1558,17.77,9.43
1558,20.93,9.9
1558,20.67,10.27
1558,19.13,9.73
1558,21.8,10.3
1558,20.17,9.73
1558,20.87,10.03
1558,18.8,9.57
1558,20.67,10.23
1558,17.57,9.93
1558,22.7,10.5
1558,19.4,10.2
1558,22.5,10.4
1558,22.73,10.4
1558,20.07,10.83
1558,22.63,9.8
1558,20.87,10.87
1558,15.5,9.53
1558,22.9,9.47
1558,20.33,10.07
1558,17.27,9.43
1558,21.1,10.17
1558,20.17,9.5
1558,24.33,9.33
1558,19.8,10.6
1558,17.1,10.27
1558,19.7,9.97
1558,25.43,10.43
1558,22.67,10.1
1558,20.33,10.63
1558,20.27,10.93
1558,18.7,9.8
1558,18,10.83
1558,17.83,10.53
1558,17.97,11.23
1558,18.73,10.6
1558,18.83,10.77
1558,16.77,9.9
1558,16.87,11.03
1558,23.67,10.53
1558,16.9,10.5
1558,20.8,10.57
1558,16.57,10.43
1558,15.83,10.5
1558,14.83,11
1558,16.1,10.53
1558,20.93,10.93
1558,17.83,10.83
1558,18.73,11.5
1558,18.8,11.53
1558,17.2,11.7
1558,19.93,11.33
1558,20.33,11.6
1558,25.13,12.9
1558,18.47,11.93
1558,19.1,11.77
1558,18.63,12.73
1558,20.57,13.03
1558,20.8,12.7
1558,22.97,12.63
1558,20.67,12.47
1558,22.9,12.43
1558,18.6,12.37
1558,23.73,13.4
1558,17.77,12.87
1558,20.2,12.4
1558,16.6,12.73
1558,23.17,13.03
1558,19.77,11.93
1558,22,14.17
1558,21.3,12.9
1558,21.67,13.4
1558,18.07,12.97
1558,20.1,14.07
1558,20.33,13.23
1558,19.4,13.87
1558,22.57,13.9
1558,19.03,13.13
1558,18.43,12.8
1558,20.63,12.57
1558,20,12.87
1558,21.8,13.27
1558,22.3,13.97
1558,18.43,12.53
1558,19.67,13
1558,18.6,13.67
1558,20.07,14
1558,19.93,14.43
1558,20.1,14.87
1558,27.3,15.23
1558,21.13,14.93
1558,17.93,14.73
1558,16.03,13.93
1558,24.23,16.23
1558,23.6,15.53
1558,17.43,14.27
1558,22.77,15.4
1558,20.33,14.33
1558,26.4,14.9
1558,18.83,13.63
1558,21.67,15.43
1558,19.4,14.5
1558,21.4,15.07
1558,23.73,15.7
1558,25.8,15.13
1558,23.17,14.53
1558,24.57,14.6
1558,26.53,15.07
1558,28.1,16.8
1558,31.07,17.6
1558,26.87,15.6
1558,23.27,15.23
1558,29.5,14.77
1558,21.87,15.87
1558,23.6,15.57
1558,23.3,15.57
1558,27.37,15
1558,19.63,14.43
1558,22.17,14.33
1558,25.93,14.83
1558,19.93,14.87
1558,24,16.4
1558,22.07,16.07
1558,21.07,16.1
1558,22.1,15.67
1558,20,15.5
1558,18,14.77
1558,24.3,15.33
1558,26,17.07
1558,22.27,15.77
1558,23.6,16.1
1558,19.7,15.7
1558,21.5,15.6
1558,22.27,15.7
1558,22.03,17
1558,19.23,15.97
1558,20.4,16.7
1558,23.63,16.5
1558,24.43,15.97
1558,29.03,16.07
1558,20.47,15.7
1558,25.33,16.5
1558,23.6,18.4
1558,22.57,17.03
1558,28.87,18.17
1558,30.93,19.5
1558,24.33,18.73
1558,27.73,19.6
1558,27.83,19.27
1558,31.5,19.3
1558,28.2,18.63
1558,24.23,17.8
1558,26.77,18.43
1558,29.4,20
1558,24.7,19.9
1558,26.57,16.57
1558,22.8,15.03
1558,25.43,14.23
1558,29.53,14.53
1558,24.2,15.63
1558,22.55,14.28
1558,25.1,14.8
1558,25.5,13.25
1558,21,13.32
1558,22.42,12.82
1558,24.47,13.95
1558,20.82,13.32
1558,20.02,12.68
1558,19.5,12.6
1558,22.95,13.03
1558,22.35,13.18
1558,25.85,12.82
1558,17.12,12.4
1558,19.48,12.05
1558,18.98,11.8
1558,23.73,11.9
1558,18.4,11.48
1558,18.65,10.88
1558,17.9,10.98
1558,22.3,11.73
1558,17.92,11.78
1558,14.1,11.65
1558,23.57,17.85
1558,18.25,13.83
1558,18.6,13.3
1558,22,13
1558,18.32,11.2
1558,15.85,13.35
1558,20.25,16.2
1558,16.23,11.28
1558,17.15,11.8
1558,24.23,12.1
1558,21.07,13.08
1558,14.68,11.93
1558,20.4,11.68
1558,20.77,12.43
1558,20.08,12.07
1558,19.07,11.8
1558,14.18,12
1558,15.35,12.45
1558,19.07,11.78
1558,19.9,11.9
1558,15.78,12.33
1558,16.15,11.83
1558,18.45,12.25
1558,14.3,10.82
1558,43.08,13.25
1558,19.42,12.95
1558,20.62,11.85
1558,18.75,11.68
1558,22,11.73
1558,30.5,16.45
1558,20.77,11.85
1558,16.82,11.68
1558,20.4,13.08
1558,22.22,15.83
1558,23.27,12.63
1558,21.75,12.28
1558,17.42,12.4
1558,16.48,12.25
1558,18.65,11.65
1558,24.43,15.18
1558,19.5,11.8
1558,17.73,11.18
1558,18.65,12.2
1558,17.37,11.48
1558,21.15,13.05
1558,20.1,12.55
1558,17.57,12.4
1558,23.25,13.62
1558,20.32,11.48
1558,21.93,12.1
1558,21.23,10.98
1558,25.88,11.63
1558,21.8,11.57
1558,21.07,11.4
1558,16.57,10.55
1558,22.62,11.65
1558,23.27,11.57
1558,27.45,12.13
1558,23.75,13.55
1558,25.57,11.75
1558,22.32,10.9
1558,19.67,11.3
1558,19.17,12.4
1558,20.92,12.23
1558,25.35,11.4
1558,24.7,11.8
1558,17.57,11.5
1558,23.25,12.05
1558,24.2,12.65
1558,23.92,12.8
1558,19.82,12.65
1558,18.92,11.83
1558,26.95,12.5
1558,18.95,11.93
1558,26.3,11.9
1558,25.5,12.18
1558,29.37,12.23
1558,23.77,12.05
1558,25.48,12.47
1558,28.07,12.78
1558,19.6,11.6
1558,22.42,11.15
1558,23.85,11.95
1558,24.52,11.35
1558,24.55,10.68
1558,21.35,11.93
1558,23.07,11.2
1558,24.4,10.32
1558,23.1,11.25
1558,23.87,10.93
1558,23,11.08
1558,27.65,11.6
1558,23.75,11.03
1558,22.37,10.85
1558,26.17,11.22
1558,26.25,10.8
1558,18.37,10.53
1558,24.6,11.1
1558,24.15,12.55
1558,23.92,10.72
1558,26.87,11.9
1558,23.35,10.72
1558,21.02,10.4
1558,22.45,10.2
1558,19.95,10.2
1558,16.77,10.1
1558,18.07,9.8
1558,27.52,10.15
1558,26.8,9.98
1558,21.85,10.48
1558,24.43,10.75
1558,24.52,10.28
1558,28.4,11.03
1558,25.57,12.6
1558,25.17,11.28
1558,20.8,11.93
1558,18.45,7.05
1558,23.42,7.08
1558,18.98,8.33
1558,13.6,6.87
1558,19.15,7.12
1558,19.52,7.83
1558,18.5,6.58
1558,17.55,7.5
1558,14.83,6.67
1558,12.53,5.43
1558,12.17,6
1558,12.07,5.2
1558,15.13,5.5
1558,13.97,6.3
1558,13.27,5.23
1558,25.57,5.97
1558,30.57,8.9
1558,24.9,9.27
1558,17.7,8.7
1558,18.4,8.3
1558,18.8,8.27
1558,23.07,10.2
1558,23.37,10.33
1558,22.43,11.37
1558,21.83,9.37
1558,24,9.4
1558,17.73,8.73
1558,23.43,10.53
1558,17.47,10.73
1558,19.9,10.4
1558,15.33,9.3
1558,23.17,10.07
1558,19.67,9.6
1558,19.9,9.4
1558,19.97,9.53
1558,21.57,9.9
1558,23.1,10.8
1558,22.93,9.03
1558,21,11.5
1558,21.97,11.67
1558,37.57,19
1558,26.33,13.13
1558,23.23,11.77
1558,26.53,16.03
1558,16.5,10.33
1558,23.13,11.63
1558,26.7,11.83
1558,21.8,10.9
1558,24,9.8
1558,28.17,12.93
1558,29.63,15.43
1558,18.7,8.83
1558,48.43,20.13
1558,23.57,10.63
1558,57.3,24.33
1558,43.43,20.9
1558,51.57,20.07
1558,41.17,20.73
1558,18.87,9.17
1558,19.87,9.27
1558,16.1,8.53
1558,17.87,8.3
1558,15.83,7.6
1558,15,6.93
1558,14.53,8.4
1558,14.6,6.83
1558,21,8.87
1558,20.53,9.23
1558,20.83,7.97
1558,15.43,8.03
1558,11.6,5.5
1558,15.47,6
1558,11.67,5.67
1558,14.37,5.7
1558,12.9,4.97
1558,11.97,5.37
1558,15.27,6.1
1558,13.47,5.37
1558,13.2,5.47
1558,15.23,5.33
1558,13.17,6.17
1558,9.53,5.03
1558,11.9,5.23
1558,11.7,5.5
1558,9.5,4.73
1558,10.77,5.27
1558,13.83,5.3
1558,11.57,4.93
1558,14.1,4.87
1558,10,5.1
1558,10.17,5.23
1558,8.83,4.77
1558,12.27,4.83
1558,11.97,5.23
1558,10.2,5.17
1558,12.77,5.23
1558,11.33,7.17
1558,14,6.23
1558,17.77,7.43
1558,14.83,7.1
1558,13.47,6.53
1558,13.23,6.8
1558,14.07,6.43
1558,14.6,6.67
1558,12.2,6.43
1558,10.63,6.17
1558,12.8,6.53
1558,12.87,8.3
1558,17.57,8.77
1558,14.2,8.23
1558,14.83,7.13
1558,15.3,7.2
1558,17.47,12.5
1558,16.3,8.37
1558,14.67,8.43
1558,13.87,7.9
1558,13.13,8.9
1558,17.57,10.27
1558,12.63,6.93
1558,14.4,7.2
1558,13.77,6.43
1558,12.17,7.43
1558,10.53,5.37
1558,13.7,5.57
1558,13.5,6.4
1558,11.2,6.8
1558,15.07,7.13
1558,13,8.83
1558,16.53,10
1558,17.43,10.9
1558,15.2,8.77
1558,14.73,8.47
1558,15.3,7.3
1558,4.4,3.67
1558,6.57,4
1558,11.33,7.6
1558,5.2,4.23
1558,5.73,3.8
1558,7.37,5.27
1558,6.5,5.37
1558,5.9,4.7
1558,5.03,4.07
1558,6.9,3.93
1558,6.27,3.73
1558,4.53,3.27
1558,6.9,3.83
1558,6.33,4.8
1558,6.27,4.03
1558,5.53,4.2
1558,5.1,3.6
1558,7.23,4.43
1558,5.9,3.97
1558,6.53,3.6
1558,4.17,3.57
1558,5.13,3.6
1558,4.83,3.57
1558,6.2,3.7
1558,4.67,3.67
1558,11.4,4.2
1558,6.3,4.3
1558,5.8,4.1
1558,7.2,3.8
1558,6.93,4.03
1558,7.3,4.8
1558,5.3,4.73
1558,6.77,5.5
1558,6.3,4.47
1558,8.87,4.57
1558,7.1,4.6
1558,7.03,4.5
1558,6.17,3.7
1558,4.9,3.8
1558,6.83,4.37
1558,6,3.73
1558,7.57,3.4
1558,7.37,3.7
1558,4.77,3.67
1558,5.43,3.57
1558,5.23,3.1
1558,4.93,3.23
1558,5.67,3.03
1558,3.93,3.17
1558,5.37,3
1558,5.47,3.13
1558,5.07,2.97
1558,5.17,2.7
1558,5.23,2.73
1558,3.63,2.43
1558,5.73,2.5
1558,4.2,2.7
1558,6.27,3.03
1558,4.9,3.13
1558,4.63,2.8
1558,5.8,3.13
1558,5.8,3.2
1558,5.53,3.33
1558,7.77,3
1558,4.77,3.1
1558,5.03,3.17
1558,2.6,2.4
1558,3.6,2.5
1558,4.1,2.47
1558,4.07,2.37
1558,5.03,2.4
1558,6.17,2.2
1558,3.37,2.2
1558,4.87,2.4
1558,4.5,2.8
1558,7.53,2.3
1558,4.77,2.43
1558,3.9,2.4
1558,4.03,2.4
1558,3.7,2.3
1558,3.7,2.3
1558,7,2.6
1558,4.13,2.5
1558,3.8,2.4
1558,6.77,2.7
1558,5.77,2.5
1558,6.4,2.4
1558,3.03,2.17
1558,3.7,2.37
1558,5.57,2.87
1558,3.43,2.4
1558,4.67,2.6
1558,4.13,2.37
1558,4.77,2.6
1558,4.4,2.6
1558,4.67,2.9
1558,6.23,2.7
1558,6.07,2.9
1558,4.57,2.9
1558,6.07,3
1558,4.83,3.07
1558,4.53,3.03
1558,5.13,3.07
1558,6.77,4.5
1558,6.1,4.63
1558,8.5,5.67
1558,5.77,5.27
1558,5.47,4.33
1558,6.67,4.9
1558,5.33,4.77
1558,8.9,5.67
1558,5.4,4.67
1558,5.53,4.83
1558,5.3,4.73
1558,5.93,5.3
1558,6.87,4.83
1558,7.03,5.17
1558,9.7,5.17
1558,7.83,5.8
1558,7.5,5.83
1558,9.9,6.23
1558,6.97,6.2
1558,7.77,6.97
1558,9.93,6.97
1558,8.27,6.8
1558,10.03,7.03
1558,8.43,5.9
1558,10.47,6.67
1558,5.97,5.43
1558,7.3,5.57
1558,7.73,5.6
1558,8.93,5.27
1558,8.47,5.23
1558,7.17,5.23
1558,7.53,4.63
1558,8.4,5.17
1558,8.67,5.17
1558,6.47,4.4
1558,9.53,5.2
1558,8.03,5.3
1558,9.17,4.9
1558,7.7,4.93
1558,5.13,4.63
1558,9.27,4.5
1558,8.37,4.07
1558,7.9,4.3
1558,8.33,4.77
1558,5.2,4.2
1558,10.4,6.2
1558,16.3,13.07
1558,17.57,14.2
1558,15.6,10.13
1558,16.03,10.57
1558,9.27,7.13
1558,11.9,7.87
1558,12.23,8.1
1558,9.53,8.07
1558,10.93,8.63
1558,9.13,7.6
1558,10.47,7.97
1558,9.43,7.17
1558,10.9,7.57
1558,11.5,6.53
1558,8.77,6.33
1558,9.63,5.87
1558,11.03,6.77
1558,9.97,6.63
1558,14.97,7.9
1558,13.67,7.73
1558,14.53,8.87
1558,15.67,8.6
1558,18.77,7.6
1558,12.17,7
1558,12.9,7.87
1558,11.9,6.87
1558,14.07,7.4
1558,8.47,6.53
1558,15.97,7.03
1558,14.4,9.1
1558,12.6,8.27
1558,10.13,6.3
1558,10.13,6.6
1558,11.27,5.63
1558,7.67,5.3
1558,7.9,5.5
1558,7.73,5.7
1558,7.6,5.5
1558,10.43,5.3
1558,9.63,5.27
1558,7.07,6.3
1558,8.8,6.5
1558,8.97,6.63
1558,8.07,6.1
1558,8.23,6.23
1558,11.2,6.2
1558,8.13,5.87
1558,14.4,6.57
1558,5.87,5.27
1558,18.7,6.97
1558,11,5.97
1558,8.83,7.93
1558,5.83,5
1558,5.67,4.73
1558,8.97,5.1
1558,8.8,5.8
1558,6.8,6.1
1558,5.83,5.17
1558,10.3,6.2
1558,10.73,6.1
1558,10.4,6
1558,9.13,5.7
1558,11.47,5.9
1558,11.7,5.33
1558,6.87,4.83
1558,6.17,5.57
1558,6.2,4.5
1558,7.53,4.73
1558,8.77,5.3
1558,10.93,5.4
1558,6.7,4.87
1558,8.23,4.97
1558,6.07,5.4
1558,6.57,5.3
1558,9.7,6.37
1558,7.2,5.97
1558,9.43,5.8
1558,7.4,5.57
1558,7,5.3
1558,6.6,5.2
1558,6.47,4.3
1558,6.3,4.03
1558,8.27,4.47
1558,10.7,5.53
1558,8.53,3.93
1558,7.9,4
1558,10.83,4.7
1558,11.2,4.63
1558,11.6,4.4
1558,10.77,3.93
1558,5.97,4.67
1558,5.87,4
1558,7.53,4.1
1558,9.7,4.73
1558,6.17,4.27
1558,9.9,4.7
1558,7.77,4.5
1558,12,5.1
1558,9.2,4.2
1558,8.27,4.2
1558,9.1,4.9
1558,8.43,4.73
1558,5.8,4.13
1558,9.57,4.23
1558,8.3,4.3
1558,10.27,6.63
1558,7.87,4.6
1558,8.1,4.17
1558,7.43,4.1
1558,7.43,4.77
1558,7.03,4.77
1558,7.2,4.2
1558,5.77,4.5
1558,6.77,4
1558,9.13,4.4
1558,15.2,6.57
1558,6.8,3.6
1558,8.4,4.3
1558,8.4,5.23
1558,9.07,5
1558,9.2,5.03
1558,6.67,3.8
1558,7.37,3.1
1558,9.43,3.8
1558,5.67,3.5
1558,5.13,2.63
1558,6.3,4.63
1558,6.83,3.67
1558,6.67,2.93
1558,5.33,2.6
1558,5.53,2.5
1558,6.67,3.27
1558,6.97,3.07
1558,4,2.83
1558,6.73,3.2
1558,5.9,3
1558,5.17,3.3
1558,6.43,3.07
1558,14.77,3.57
1558,9.7,3.27
1558,6.7,3.23
1558,8.33,3.07
1558,6.27,3.63
1558,6.57,3.33
1558,5.1,3.2
1558,6.9,4.37
1558,9.37,3.47
1558,5.3,3.4
1558,7.53,3.9
1558,5.57,4.17
1558,15.73,3.37
1558,14.6,3.3
1558,6,2.73
1558,7.93,2.67
1558,4.8,2.1
1558,6.73,2.3
1558,6.53,2.1
1558,5.47,2.5
1558,4.27,3.2
1558,4.27,2.53
1558,5.23,2.43
1558,6.43,2.9
1558,3.87,2.67
1558,3.53,2.8
1558,4.77,2.63
1558,2.9,2.5
1558,4.93,3.07
1558,6.83,3.93
1558,4.03,2.37
1558,4.33,2.6
1558,4.5,2.77
1558,6.4,3.2
1558,4.53,2.6
1558,3.87,2.6
1558,3.17,2.63
1558,6.67,3.03
1558,4.43,2.43
1558,4.03,3
1558,6.53,3.9
1558,3,1.7
1558,6.9,4.17
1558,7.63,4.43
1558,2.2,2
1558,7.17,4.47
1558,3.07,2.4
1558,5.73,5.13
1558,6,5.1
1558,2.63,2.43
1558,6.67,4
1558,2.87,2.5
1558,3,2.7
1558,3.87,3.43
1558,7.13,2.83
1558,5.2,2.63
1558,5.4,2.2
1558,5.2,2.07
1558,3.77,1.63
1558,3.77,1.9
1558,4.6,2.23
1558,6.23,2.03
1558,6.37,2.5
1558,8.53,2.8
1558,10.07,3.73
1558,5.8,2.97
1558,10.77,3.07
1558,4.97,2.8
1558,3.3,1.9
1558,1.8,1.7
1558,4.9,2.2
1558,8.57,3.13
1558,4.93,2.73
1558,3.3,2.43
1558,3.47,2.47
1558,8.2,2.4
1558,2.8,2.33
1558,4.13,2.3
1558,3.37,2
1558,8.87,2.8
1558,5.33,4.8
1558,3,1.83
1558,5,1.6
1558,3.57,1.53
1558,2.97,1.6
1558,3,1.6
1558,2.1,1.2
1558,3.57,1.5
1558,3.6,1.33
1558,1.87,1.6
1558,1.83,1.2
1558,4.67,1.53
1558,2.77,1.4
1558,5.33,2
1558,3.1,1.3
1558,7.07,1.2
1558,4.3,2.37
1558,1.4,1.3
1558,1.47,1.2
1558,3.27,1.1
1558,3.23,1.3
1558,0.9,0.9
1558,1.6,1.1
1558,2.8,1
1558,1.23,1.1
1558,1.3,1.2
1558,3.7,1.3
1558,3.93,1.3
1558,1.63,1.2
1558,2.07,1.33
1558,1.1,1
1558,2.67,1.3
1558,4.03,1.3
1558,3.3,1.4
1558,2.17,1.1
1558,1.2,1.07
1558,2.27,1.7
1558,3.03,1.4
1558,4.4,1.3
1558,2.67,1.3
1558,2.9,1.13
1558,2,1.57
1558,1.5,1.27
1558,3.5,1.8
1558,2.33,1.7
1558,1.83,1.4
1558,5.5,1.77
1558,3.2,1.9
1558,5.2,1.83
1558,7.87,2.43
1558,5.23,2.1
1558,3.33,1.9
1558,5.77,2.3
1558,6.8,3.4
1558,5.07,2.1
1558,4.3,2.1
1558,6.73,3.3
1558,3.8,1.77
1558,4.13,2.27
1558,4.9,2.47
1558,4.17,1.9
1558,4.83,2.43
1558,5.6,2.5
1558,2.57,2.27
1558,3,1.8
1558,4.17,2.03
1558,3.9,1.7
1558,3.67,1.8
1558,2.37,1.9
1558,4.23,2.1
1558,11.6,2.3
1558,4.03,2.17
1558,3.13,2.03
1558,4.93,2.1
1558,7,2.43
1558,4.83,1.97
1558,5.33,1.97
1558,4.57,2.8
1558,3.83,2.4
1558,2.5,1.83
1558,2.1,1.8
1558,4.33,1.73
1558,5.97,2.83
1558,4.3,2.03
1558,5.67,2.47
1558,7.53,4.5
1558,7.67,5.17
1558,8.53,4.7
1558,5.77,3.9
1558,5.23,3.2
1558,5.33,2.8
1558,2.8,1.97
1558,2.57,1.8
1558,4.97,2.27
1558,6.9,2.8
1558,4.07,2.8
1558,3.6,2.53
1558,4.53,2.43
1558,7.4,2.77
1558,4.77,2.9
1558,4.2,2.6
1558,8.27,2.4
1558,4.5,2.33
1558,3.73,2.33
1558,6.7,3.2
1558,4.3,3.47
1558,6.13,3.9
1558,5.2,4
1558,5.4,3.9
1558,5.7,4.8
1558,5.5,4.13
1558,8.03,5.17
1558,7.23,5.03
1558,12,6.5
1558,11.13,7.27
1558,9.8,6.67
1558,11.27,7.3
1558,11.67,8.3
1558,7.47,5.1
1558,9.5,4.2
1558,6.77,3.57
1558,5.57,3.3
1558,5.3,3.1
1558,4.17,3.2
1558,4.97,2.6
1558,5.27,2.63
1558,5.1,2.9
1558,5.4,3.07
1558,3.1,2.4
1558,2.6,1.93
1558,3.33,1.63
1558,3.93,1.93
1558,2.57,1.5
1558,3.3,1.43
1558,3.23,1.6
1558,1.7,1.53
1558,2.03,1.83
1558,2.17,1.6
1558,3.07,1.9
1558,2.3,1.63
1558,3.17,1.7
1558,2.13,1.6
1558,3.13,1.8
1558,1.9,1.57
1558,2.13,1.6
1558,1.8,1.7
1558,1.67,1.57
1558,2.7,1.77
1558,1.6,1.5
1558,1.7,1.57
1558,2.43,1.97
1558,1.87,1.63
1558,4.37,3
1558,2.3,1.87
1558,1.87,1.6
1558,2.53,2
1558,3.47,1.93
1558,3.33,1.97
1558,3.73,1.73
1558,1.8,1.67
1558,2.4,1.77
1558,3.4,1.6
1558,3.03,2.2
1558,3.3,2.37
1558,3.57,2.77
1558,2.9,1.87
1558,2.73,1.67
1558,3.1,1.8
1558,2.2,2
1558,2.23,2.03
1558,2.53,1.53
1558,3.2,1.83
1558,4.53,2.93
1558,1.73,1.5
1558,2.63,1.73
1558,2.5,1.57
1558,2.47,1.5
1558,3.1,1.6
1558,2.63,1.8
1558,5.1,2
1558,2.27,1.8
1558,2.37,1.9
1558,2.1,1.7
1558,2.1,1.9
1558,1.9,1.7
1558,2.03,1.73
1558,3,1.6
1558,1.6,1.4
1558,2.4,1.5
1558,2.4,1.37
1558,1.9,1.4
1558,1.93,1.27
1558,2.63,1.5
1558,1.6,1.5
1558,1.8,1.6
1558,2.47,2.2
1558,1.93,1.77
1558,1.47,1.37
1558,3.23,1.8
1558,2.83,2.03
1558,4.07,2.3
1558,4,1.73
1558,2.77,1.87
1558,2.8,1.6
1558,4.57,2.1
1558,2.7,2.1
1558,3.07,1.9
1558,3.93,2.8
1558,3.37,2.7
1558,6,2.8
1558,3.17,2.3
1558,4.83,2.83
1558,5.33,2.6
1558,3.43,2.3
1558,5.07,2.6
1558,4.3,2.4
1558,2.2,2
1558,3.93,2.23
1558,3.4,2.03
1558,4.77,2.33
1558,3.97,2.3
1558,4.27,2.6
1558,3.7,2.3
1558,5.87,2.3
1558,3.7,2.1
1558,2.7,2.5
1558,3.63,2.53
1558,2.83,2.63
1558,4.37,2.73
1558,2.7,2.5
1558,3.3,2.63
1558,2.57,2.23
1558,2.4,2.2
1558,2.2,2
1558,2.83,2.4
1558,4.03,2.7
1558,2.63,2.43
1558,2.93,2.73
1558,5.3,4.57
1558,3,2.8
1558,4.2,3.33
1558,3.57,3.27
1558,8,3.27
1558,2.8,2.6
1558,4.83,2.93
1558,3.37,3.07
1558,3.6,3.3
1558,3.47,3.13
1558,3.27,2.8
1558,7.13,3
1558,5.2,3.03
1558,4.1,2.83
1558,2.7,2.4
1558,3.3,3
1558,2.7,2.5
1558,4.5,2.63
1558,4.13,2.73
1558,3.67,2.9
1558,2.83,2.6
1558,3.37,2.5
1558,3,2.7
1558,3.83,2.8
1558,3.03,2.73
1558,3.93,2.67
1558,3.17,2.87
1558,3.07,2.6
1558,2.63,2.4
1558,2.97,2.47
